500
19089712 3 3 1
4 1000000000 2 2
999999999 100 1 3
999999999 100 3 3
4 999999999 1 1
999999999 3 1 2
251333014 100 1 2
2 4 1 3
3 1000000000 2 1
100 100 99 2
100 100 2 1
4 999999999 2 1
4 1000000000 3 1
999999999 100 2 11
100 4 2 3
1000000000 100 450060632 3
779009402 100 3 3
3 1000000000 2 999999999
3 2 2 1
2 999999999 1 1
999999999 999999999 3 361042743
999999999 1000000000 2 999999999
999999999 100 3 2
1000000000 999999999 313743023 2
1000000000 4 999999999 1
4 100 1 99
999999999 3 2 2
4 1000000000 2 3
568263512 100 2 43
109588419 516866303 95880941 3
3 3 1 2
3 3 2 1
586838884 999999999 2 2
207868204 1000000000 2 225202610
4 3 1 1
999999999 1000000000 2 1
100 4 99 2
3 560442205 2 3
100 4 99 3
999999999 1000000000 3 780175482
100 4 1 1
427727826 1000000000 3 1
100 100 1 1
100 397986566 65 2
100 380837481 37 96807255
3 100 2 2
999999999 999999999 2 999999998
100 2 1 1
189832940 1000000000 2 3
4 999999999 2 2
4 1000000000 1 1
999999999 489345280 108542079 3
3 999999999 1 3
100 100 2 80
3 3 2 2
999999999 3 999999998 1
999999999 999999999 1 3
4 100 3 3
630783940 100 3 2
2 2 1 1
4 625855660 3 1
100 999999999 5 3
999999999 100 999999998 99
1000000000 935367125 2 688653704
3 1000000000 2 2
100 4 2 1
999999999 4 999999998 3
999999999 4 2 3
268284003 3 3 1
100 999999999 3 2
4 999999999 2 3
2 590064564 1 410727603
4 999999999 1 999999998
4 292678792 1 2
880984255 1000000000 1 3
990898699 2 1 1
999999999 1000000000 2 724564983
999999999 999999999 470395372 2
1000000000 100 2 2
1000000000 1000000000 244626410 3
1000000000 100 1 1
4 100 2 99
100 3 98 2
38475058 4 38289611 2
999999999 100 3 99
4 783105139 2 2
4 100 2 2
998645846 2 2 1
576202195 4 1 2
1000000000 2 1 1
755742919 1000000000 2 2
163592637 549432548 2 110629430
100 999999999 1 913663288
999999999 4 627313199 3
713458743 999999999 1 232415301
4 999999999 3 2
4 1000000000 1 809590669
3 811153361 1 12686097
999999999 4 2 2
999999999 1000000000 3 2
3 4 2 2
1000000000 1000000000 999999999 999999999
999999999 100 3 1
100 1000000000 3 3
999999999 4 90975763 3
204388631 3 2 2
1000000000 100 1 3
3 3 1 1
999999999 100 999999998 2
999999999 4 1 1
4 1000000000 1 999999999
4 100 2 31
1000000000 999999999 90055928 1
999999999 4 3 3
3 1000000000 1 3
205684158 100 1 3
999999999 306100163 2 1
1000000000 100 3 99
999999999 100 2 2
999999999 999999999 1 1
1000000000 100 2 99
1000000000 4 120887411 1
3 999999999 2 999999998
1000000000 4 999999999 3
3 100 1 99
100 1000000000 2 999999999
4 1000000000 3 3
1000000000 100 2 1
100 4 1 3
4 21218471 2 2
100 999999999 2 1
4 100 3 2
100 3 2 1
1000000000 4 2 2
100 999999999 2 2
142421367 2 48241495 1
3 1000000000 1 2
999999999 1000000000 999999998 999999999
2 1000000000 1 2
999999999 1000000000 1 3
1000000000 445823784 2 2
900930753 3 3 1
1000000000 100 999999999 99
690839093 999999999 2 3
4 4 1 1
999999999 999999999 3 999999998
804684832 197217720 1 153175513
999999999 999999999 999999998 999999998
3 387806766 2 3
3 999999999 1 1
999999999 999999999 3 1
4 911940777 2 39960172
1000000000 999999999 2 3
999999999 3 3 2
632902334 4 3 3
4 999999999 3 999999998
999999999 100 2 99
1000000000 100 2 27
100 4 2 2
2 1000000000 1 1
4 1000000000 3 999999999
770491971 1000000000 3 1
1000000000 4 1 1
1000000000 4 3 1
100 100 3 1
1000000000 4 2 1
3 440178503 1 1
999999999 100 1 99
269564282 100 1 3
100 999999999 1 3
1000000000 100 999999999 1
1000000000 1000000000 2 2
160776118 100 1 1
474573491 100 2 2
999999999 100 361399062 76
2 3 1 1
4 314723735 2 2
3 999999999 2 478452455
100 1000000000 3 999999999
3 1000000000 1 999999999
3 2 1 1
4 2 3 1
820459816 1000000000 228363612 2
4 100 1 3
999999999 1000000000 3 3
1000000000 1000000000 3 165697225
3 999999999 2 2
475576299 79599546 62711377 1
671771882 1000000000 458242975 1
377173489 999999999 3 1
100 470997877 1 2
1000000000 999999999 999999999 3
3 100 2 3
999999999 999999999 3 2
1000000000 2 592728920 1
3 1000000000 1 1
999999999 999999999 2 1
4 999999999 3 3
2 475952396 1 3
1000000000 760355100 2 1
1000000000 999999999 999999999 999999998
699118378 100 371255050 53
1000000000 999999999 999999999 1
4 4 3 2
100 999999999 2 3
100 999999999 49 1
704993648 595827515 1 3
3 999999999 2 1
4 3 2 2
1000000000 889034323 2 585497466
997867345 170075009 374134420 2
999999999 1000000000 3 1
245635459 1000000000 2 2
1000000000 723284552 647366837 1
999999999 4 3 2
1000000000 1000000000 1 4469475
999999999 1000000000 2 2
100 999999999 2 999999998
999999999 1000000000 1 1
999999999 3 1 1
515006471 3 3 2
999999999 2 2 1
977912389 734778827 532290378 1
999999999 1000000000 488516079 1
3 4 2 1
4 1000000000 2 812085677
999999999 999999999 3 3
349725997 3 3 2
999999999 2 1 1
1000000000 3 3 2
3 100 1 1
999999999 100 1 2
1000000000 4 1 3
100 3 3 1
1000000000 999999999 999999999 2
999999999 2 3 1
999999999 4 888595089 3
1000000000 100 872721048 64
100 100 3 3
4 3 1 2
2 501785784 1 334445275
4 1000000000 1 3
100 100 2 3
2 4 1 2
999999999 100 999999998 1
1000000000 1000000000 1 1
946260157 2 1 1
1000000000 999999999 3 999999998
999999999 4 3 1
2 999999999 1 3
2 100 1 2
2 100 1 3
100 100 99 1
3 565428755 1 2
3 131597407 2 130390896
4 308024713 3 2
1000000000 1000000000 3 999999999
3 1000000000 1 197472206
100 999999999 3 607160337
999999999 100 3 89
1000000000 1000000000 2 1
100 2 99 1
3 999999999 2 930212147
3 100 2 1
1000000000 4 3 3
1000000000 1000000000 1 2
100 4 1 2
999999999 153855548 3 2
759115178 100 3 1
999999999 1000000000 2 3
1000000000 3 2 1
2 611627491 1 2
100 1000000000 2 3
100 1000000000 3 881233701
4 4 2 2
4 100 2 1
100 2 3 1
3 4 1 2
100 3 99 2
1000000000 3 2 2
999999999 100 2 1
1000000000 2 2 1
100 1000000000 99 2
999999999 3 618585901 2
201238540 100 49757290 14
1000000000 3 999999999 1
100 100 3 48
100 999999999 99 1
100 999999999 2 217038469
1000000000 1000000000 711006329 2
1000000000 4 1 2
3 4 2 3
100 999999999 99 999999998
100 351514573 1 3
100 100 99 3
999999999 4 1 2
4 100 3 1
4 1000000000 1 2
3 100 1 2
4 4 1 2
1000000000 1000000000 3 1
159636198 2 132750702 1
1000000000 1000000000 432922762 516684653
999999999 999999999 2 2
999999999 100 999999998 3
1000000000 4 2 3
4 4 2 1
4 4 3 1
100 3 3 2
100 4 3 2
1000000000 100 999999999 3
452792670 1000000000 2 115192647
3 332461468 2 3
999999999 100 1 1
3 982500203 1 839934728
100 1000000000 2 1
100 1000000000 99 1
4 1000000000 3 2
1000000000 100 3 2
100 100 1 3
3 637320062 1 460765579
2 999999999 1 2
999999999 3 2 1
1000000000 3 1 1
1000000000 100 968047634 19
4 2 2 1
100 4 84 3
999999999 999999999 999999998 2
1000000000 999999999 3 1
999999999 2 999999998 1
100 3 2 2
100 4 99 1
4 2 1 1
2 3 1 2
543390985 2 25843304 1
1000000000 4 606716047 3
100 1000000000 99 3
3 750409238 1 2
1000000000 1000000000 301408972 2
999999999 3 132294377 2
66434218 3 2 2
999999999 1000000000 999999998 1
351511977 1000000000 3 1
697757447 999999999 3 614333645
999999999 3 999999998 2
3 999999999 2 217585714
100 999999999 1 1
999999999 999999999 2 3
1000000000 100 99694839 3
100 999999999 3 999999998
100 999999999 3 3
1000000000 1000000000 2 3
1000000000 1000000000 3 3
372315310 428364244 1 1
100 1000000000 1 1
588175668 2 2 1
1000000000 1000000000 2 999999999
999999999 1000000000 3 233117279
100 999999999 3 1
400638252 4 3 2
999999999 999999999 13776769 2
100 999999999 99 2
4 100 1 40
501599341 999999999 2 3
2 100 1 99
999999999 1000000000 1 999999999
803061495 4 3 3
4 4 3 3
100 2 9 1
1000000000 354487415 2 1
4 100 1 1
100 4 3 1
3 999999999 2 3
100 4 3 3
999999999 3 768481208 2
135818523 100 127108945 1
1000000000 1000000000 999999999 2
4 999999999 1 2
3 999999999 1 701097245
1000000000 999999999 2 2
4 1000000000 2 999999999
1000000000 999999999 2 999999998
4 198068727 2 2
992439437 2 2 1
1000000000 1000000000 1 999999999
100 100 2 2
1000000000 999999999 1 999999998
4 40276081 1 3
1000000000 100 999999999 2
2 4 1 1
1000000000 100 3 3
100 100 3 2
588778144 302958057 3 3
4 249842301 1 1
606735969 100 574575067 9
999999999 1000000000 3 999999999
999999999 4 999999998 1
4 100 2 3
100 999999999 57 187975571
1000000000 999999999 3 3
100 100 1 2
4 100 3 99
3 100 1 3
1000000000 4 999999999 2
1000000000 3 198570665 2
999999999 999999999 999999998 1
4 3 3 2
3 190048202 1 3
1000000000 3 1 2
1000000000 3 3 1
499812538 999999999 1 1
1000000000 100 2 3
4 100 1 2
100 100 1 99
100 1000000000 1 999999999
2 1000000000 1 999999999
100 3 1 1
4 999999999 1 3
843094006 3 3 1
100 999999999 72 3
1000000000 999999999 2 756841576
1000000000 3 999999999 2
404696558 1000000000 344580310 355699065
999999999 3 976671636 2
100 1000000000 2 2
4 4 2 3
3 999999999 1 999999998
1000000000 999999999 2 1
826551905 100 1 49
1000000000 100 1 99
100 1000000000 3 2
999999999 999999999 1 999999998
999999999 4 999999998 2
999999999 4 1 3
809198703 3 2 1
3 4 1 3
914040527 100 1 2
1000000000 748176992 2 3
100 3 99 1
100 999999999 1 999999998
999999999 100 2 3
4 3 2 1
3 100 2 99
100 3 1 2
100 1000000000 99 999999999
1000000000 4 3 2
1000000000 999999999 3 2
3 1000000000 2 3
3 4 1 1
1000000000 84082569 375561153 2
2 100 1 1
3 999999999 1 2
100 1000000000 1 3
999999999 999999999 1 2
1000000000 999999999 1 1
365482087 971250614 97597 28576180
100 100 99 99
903145896 4 200741956 3
100 100 3 99
100 461180180 3 3
4 999999999 3 1
1000000000 2 3 1
4 999999999 2 999999998
100 999999999 1 2
1000000000 100 3 1
4 3 3 1
543383962 764857696 2 41522173
1000000000 1000000000 1 3
999999999 4 2 1
100 2 2 1
1000000000 999999999 2 47219043
569981406 4 2 2
999999999 234259462 1 104118482
1000000000 100 3 62
1000000000 2 999999999 1
999999999 1000000000 999999998 3
100 100 2 99
1000000000 1000000000 999999999 1
100 1000000000 3 1
1000000000 999999999 1 2
999999999 3 3 1
1000000000 1000000000 3 2
999999999 1000000000 3 218565021
2 999999999 1 999999998
100 1000000000 1 2
4 1000000000 2 1
598618548 1000000000 1 2
999999999 919338507 247646166 1
4 4 1 3
2 1000000000 1 3
1000000000 100 1 2
4 100 2 71
1000000000 999999999 1 3
3 1000000000 1 638408569
1000000000 1000000000 999999999 3
270079655 4 13920983 1
999999999 999999999 999999998 3
999999999 1000000000 1 2
999999999 1000000000 999999998 2
100 999999999 99 3
