Case #1: 3 10 11 20 
Case #2: -1
Case #3: -1
Case #4: 7 3 4 4 4 5 10 11 
Case #5: 6 4 4 4 4 5 20 
Case #6: -1
Case #7: -1
Case #8: 7 4 4 4 5 6 8 10 
Case #9: 3 4 9 28 
Case #10: 8 4 4 4 4 5 6 6 8 
Case #11: -1
Case #12: 6 5 5 5 7 9 10 
Case #13: -1
Case #14: 6 1 3 3 3 5 26 
Case #15: 5 3 5 8 12 13 
Case #16: 5 6 6 9 10 10 
Case #17: 4 5 9 11 16 
Case #18: -1
Case #19: 5 3 6 9 11 12 
Case #20: 3 5 12 24 
Case #21: 5 5 6 6 6 18 
Case #22: 6 3 3 8 9 9 9 
Case #23: -1
Case #24: 6 5 6 6 6 8 10 
Case #25: 3 10 15 16 
Case #26: 5 4 5 9 11 12 
Case #27: -1
Case #28: 8 4 4 4 4 5 5 6 9 
Case #29: -1
Case #30: 6 2 3 4 8 8 16 
Case #31: 8 4 4 4 4 4 6 6 9 
Case #32: 5 5 5 5 10 16 
Case #33: 7 3 5 5 6 6 7 9 
Case #34: -1
Case #35: 6 4 6 6 6 8 11 
Case #36: 8 3 3 3 5 6 6 6 9 
Case #37: -1
Case #38: 6 3 3 7 7 9 12 
Case #39: 5 2 7 7 9 16 
Case #40: -1
Case #41: 8 1 1 3 3 3 3 9 18 
Case #42: 8 3 3 5 5 6 6 6 7 
Case #43: 11 1 4 4 4 4 4 4 4 4 4 4 
Case #44: 6 3 3 4 6 12 13 
Case #45: 5 5 7 7 10 12 
Case #46: 4 3 7 13 18 
Case #47: -1
Case #48: 6 3 5 5 7 9 12 
Case #49: 5 6 6 7 7 15 
Case #50: 2 9 32 
Case #51: 8 3 4 4 5 5 5 6 9 
Case #52: -1
Case #53: -1
Case #54: 7 3 4 4 4 7 7 12 
Case #55: -1
Case #56: 5 3 7 7 8 16 
Case #57: 4 2 5 12 22 
Case #58: 3 2 7 32 
Case #59: 6 4 4 5 7 7 14 
Case #60: 5 4 5 6 10 16 
Case #61: 6 4 4 5 5 11 12 
Case #62: 4 4 10 11 16 
Case #63: 7 4 4 5 6 6 7 9 
Case #64: 6 4 4 5 6 10 12 
Case #65: -1
Case #66: 7 3 4 5 5 6 6 12 
Case #67: -1
Case #68: 4 6 9 10 16 
Case #69: 16 1 1 1 1 1 1 1 1 1 1 1 1 1 1 5 22 
Case #70: 6 3 3 4 4 10 17 
Case #71: -1
Case #72: 8 2 4 4 4 4 7 7 9 
Case #73: -1
Case #74: -1
Case #75: 5 3 5 6 6 21 
Case #76: 4 5 6 8 22 
Case #77: 6 4 6 6 6 7 12 
Case #78: 4 3 7 12 19 
Case #79: 7 3 3 3 6 7 9 10 
Case #80: 7 1 1 1 1 1 2 34 
Case #81: 7 2 3 5 5 5 8 13 
Case #82: 4 3 7 10 21 
Case #83: 8 3 3 3 3 3 5 10 11 
Case #84: 5 4 5 7 9 16 
Case #85: -1
Case #86: 8 3 4 4 4 5 5 6 10 
Case #87: 7 3 3 4 5 5 9 12 
Case #88: 3 1 10 30 
Case #89: 5 5 5 9 10 12 
Case #90: 4 5 10 11 15 
Case #91: 6 6 6 6 6 7 10 
Case #92: -1
Case #93: 6 1 3 3 7 10 17 
Case #94: 13 1 1 1 1 1 1 1 1 1 1 1 3 27 
Case #95: 7 3 4 4 5 5 9 11 
Case #96: 6 4 5 5 7 8 12 
Case #97: 4 5 8 12 16 
Case #98: 25 1 1 1 1 1 1 1 1 1 1 1 1 1 1 1 1 1 1 1 1 1 1 1 3 15 
Case #99: 3 10 10 21 
Case #100: 6 1 1 1 1 3 34 
Case #101: 6 4 4 6 6 6 15 
Case #102: 5 3 4 6 13 15 
Case #103: 7 4 4 4 4 6 7 12 
Case #104: 6 2 3 6 9 10 11 
Case #105: 4 6 8 9 18 
Case #106: -1
Case #107: -1
Case #108: 5 5 6 9 9 12 
Case #109: 6 4 4 4 6 9 14 
Case #110: 6 2 5 5 6 11 12 
Case #111: 6 5 6 6 6 6 12 
Case #112: 5 1 4 4 9 23 
Case #113: 8 3 4 4 4 4 4 9 9 
Case #114: 5 4 6 7 8 16 
Case #115: 17 1 1 1 1 1 1 1 1 1 1 1 1 1 1 1 1 25 
Case #116: 6 2 3 4 8 11 13 
Case #117: 3 1 3 37 
Case #118: -1
Case #119: -1
Case #120: 3 1 2 38 
Case #121: 6 3 3 3 5 10 17 
Case #122: 17 1 1 1 1 1 1 1 1 1 1 1 1 1 1 1 3 23 
Case #123: 7 3 4 4 4 5 9 12 
Case #124: 6 2 3 3 5 7 21 
Case #125: -1
Case #126: 26 1 1 1 1 1 1 1 1 1 1 1 1 1 1 1 1 1 1 1 1 1 1 1 1 1 16 
Case #127: 6 1 4 4 5 13 14 
Case #128: 5 3 5 5 8 20 
Case #129: 4 4 6 6 25 
Case #130: 18 1 1 1 1 1 1 1 1 1 1 1 1 1 1 1 1 1 24 
Case #131: 7 1 1 1 1 3 7 27 
Case #132: 5 2 4 5 5 25 
Case #133: -1
Case #134: 5 2 5 5 14 15 
Case #135: 7 3 4 5 5 5 5 14 
Case #136: 5 4 4 4 12 17 
Case #137: 4 5 9 9 18 
Case #138: 11 1 1 1 1 1 1 1 1 1 2 30 
Case #139: 7 2 4 4 4 7 9 11 
Case #140: 4 5 5 10 21 
Case #141: 5 3 3 6 12 17 
Case #142: 7 4 4 4 5 6 6 12 
Case #143: 4 1 3 8 29 
Case #144: 20 1 1 1 1 1 1 1 1 1 1 1 1 1 1 1 1 1 1 1 22 
Case #145: 6 1 1 3 8 11 17 
Case #146: 5 5 5 6 10 15 
Case #147: -1
Case #148: 2 20 21 
Case #149: 5 3 3 3 5 27 
Case #150: 10 1 1 1 1 1 1 1 1 3 30 
Case #151: 5 6 6 8 8 13 
Case #152: 6 1 2 4 4 5 25 
Case #153: 6 4 5 5 5 6 16 
Case #154: 6 5 6 6 6 7 11 
Case #155: 8 1 1 1 1 1 1 3 32 
Case #156: 5 2 3 9 10 17 
Case #157: -1
Case #158: 6 3 4 7 8 8 11 
Case #159: 5 3 3 6 13 16 
Case #160: 5 1 1 3 17 19 
Case #161: -1
Case #162: 6 3 3 6 6 9 14 
Case #163: 4 6 8 11 16 
Case #164: 19 1 1 1 1 1 1 1 1 1 1 1 1 1 1 1 1 1 3 21 
Case #165: 9 1 1 1 1 1 1 1 3 31 
Case #166: 3 5 9 27 
Case #167: 7 3 4 6 6 6 7 9 
Case #168: 6 1 1 1 1 1 36 
Case #169: 7 3 4 4 5 5 8 12 
Case #170: 6 1 1 1 2 17 19 
Case #171: 13 1 1 1 1 1 1 1 1 1 1 1 2 28 
Case #172: 4 8 9 12 12 
Case #173: 6 3 4 4 6 9 15 
Case #174: 7 3 4 5 6 6 6 11 
Case #175: 6 4 4 6 6 10 11 
Case #176: 15 1 1 1 1 1 1 1 1 1 1 1 1 1 5 23 
Case #177: 6 4 4 6 6 7 14 
Case #178: 7 3 4 4 7 7 8 8 
Case #179: -1
Case #180: 6 5 5 6 6 8 11 
Case #181: 5 4 7 7 7 16 
Case #182: 6 3 3 3 10 11 11 
Case #183: 5 4 6 6 9 16 
Case #184: 7 3 3 5 6 7 7 10 
Case #185: 23 1 1 1 1 1 1 1 1 1 1 1 1 1 1 1 1 1 1 1 1 1 3 17 
Case #186: 7 3 5 5 6 6 6 10 
Case #187: 4 3 7 8 23 
Case #188: -1
Case #189: 16 1 1 1 1 1 1 1 1 1 1 1 1 1 1 1 26 
Case #190: 6 3 7 7 7 8 9 
Case #191: 5 4 4 7 11 15 
Case #192: 8 3 3 5 6 6 6 6 6 
Case #193: 9 3 3 4 4 4 4 4 5 10 
Case #194: 5 3 6 7 12 13 
Case #195: -1
Case #196: -1
Case #197: 5 3 7 8 9 14 
Case #198: 5 5 9 9 9 9 
Case #199: -1
Case #200: -1
Case #201: 23 1 1 1 1 1 1 1 1 1 1 1 1 1 1 1 1 1 1 1 1 1 7 13 
Case #202: 6 2 3 5 5 5 21 
Case #203: -1
Case #204: 3 2 3 36 
Case #205: 5 4 4 5 8 20 
Case #206: 4 4 5 11 21 
Case #207: 2 1 40 
Case #208: 7 3 4 4 6 6 6 12 
Case #209: 6 1 4 5 5 10 16 
Case #210: 6 4 4 6 8 8 11 
Case #211: -1
Case #212: -1
Case #213: 7 4 4 6 6 6 7 8 
Case #214: 4 6 7 10 18 
Case #215: 5 4 6 7 9 15 
Case #216: 7 4 4 4 4 5 9 11 
Case #217: -1
Case #218: 10 3 3 3 3 3 3 3 3 7 10 
Case #219: 5 3 3 5 5 25 
Case #220: 27 1 1 1 1 1 1 1 1 1 1 1 1 1 1 1 1 1 1 1 1 1 1 1 1 1 1 15 
Case #221: 4 5 8 8 20 
Case #222: 5 3 3 6 7 22 
Case #223: 8 3 3 5 5 5 5 5 10 
Case #224: 7 3 4 5 5 6 9 9 
Case #225: 4 5 6 6 24 
Case #226: 6 2 3 3 6 11 16 
Case #227: 6 1 1 5 5 13 16 
Case #228: 3 4 5 32 
Case #229: 8 4 4 4 4 4 4 8 9 
Case #230: 4 5 5 7 24 
Case #231: 6 5 5 7 8 8 8 
Case #232: 3 12 14 15 
Case #233: -1
Case #234: 9 2 3 4 4 4 4 5 7 8 
Case #235: 6 3 4 4 7 9 14 
Case #236: 4 4 9 14 14 
Case #237: 5 6 6 9 9 11 
Case #238: -1
Case #239: 6 3 5 5 5 5 18 
Case #240: 10 3 3 3 3 3 4 4 4 5 9 
Case #241: 7 4 4 4 5 8 8 8 
Case #242: 8 3 3 4 4 5 6 6 10 
Case #243: -1
Case #244: 7 3 3 6 6 7 7 9 
Case #245: 9 3 3 3 4 4 4 5 6 9 
Case #246: 5 5 6 6 8 16 
Case #247: 6 3 4 4 7 10 13 
Case #248: 3 2 9 30 
Case #249: 7 1 1 3 3 3 5 25 
Case #250: 5 3 5 7 8 18 
Case #251: 7 3 3 4 4 9 9 9 
Case #252: 10 3 3 3 3 3 3 3 5 5 10 
Case #253: 7 4 4 4 4 5 10 10 
Case #254: 4 2 8 10 21 
Case #255: -1
Case #256: 3 3 6 32 
Case #257: 4 6 6 11 18 
Case #258: 5 1 1 2 9 28 
Case #259: 6 2 5 7 7 10 10 
Case #260: 4 4 8 9 20 
Case #261: 33 1 1 1 1 1 1 1 1 1 1 1 1 1 1 1 1 1 1 1 1 1 1 1 1 1 1 1 1 1 1 1 1 9 
Case #262: 3 7 12 22 
Case #263: 29 1 1 1 1 1 1 1 1 1 1 1 1 1 1 1 1 1 1 1 1 1 1 1 1 1 1 1 7 7 
Case #264: 4 3 3 3 32 
Case #265: 4 4 11 12 14 
Case #266: 5 1 1 1 6 32 
Case #267: 5 6 6 6 8 15 
Case #268: -1
Case #269: 6 5 5 5 5 5 16 
Case #270: -1
Case #271: 7 2 4 4 4 6 10 11 
Case #272: 3 8 12 21 
Case #273: -1
Case #274: 5 6 6 8 9 12 
Case #275: 4 7 7 11 16 
Case #276: 5 6 7 8 8 12 
Case #277: 8 3 4 4 4 4 5 5 12 
Case #278: 5 4 5 7 12 13 
Case #279: 5 3 5 6 11 16 
Case #280: 8 3 4 4 4 4 4 6 12 
Case #281: 5 1 10 10 10 10 
Case #282: -1
Case #283: 40 1 1 1 1 1 1 1 1 1 1 1 1 1 1 1 1 1 1 1 1 1 1 1 1 1 1 1 1 1 1 1 1 1 1 1 1 1 1 1 2 
Case #284: -1
Case #285: -1
Case #286: 4 1 1 1 38 
Case #287: 4 3 5 9 24 
Case #288: 4 5 8 10 18 
Case #289: 8 3 4 4 6 6 6 6 6 
Case #290: 5 1 3 3 7 27 
Case #291: 5 3 5 7 10 16 
Case #292: 3 6 16 19 
Case #293: 6 3 5 5 5 7 16 
Case #294: 5 6 8 8 8 11 
Case #295: 5 6 6 7 10 12 
Case #296: -1
Case #297: 8 4 4 4 4 4 5 7 9 
Case #298: 5 6 6 6 10 13 
Case #299: 6 3 4 6 7 7 14 
Case #300: 8 2 3 3 3 5 5 5 15 
Case #301: 2 5 36 
Case #302: -1
Case #303: 9 3 3 4 4 4 5 6 6 6 
Case #304: 6 2 7 8 8 8 8 
Case #305: -1
Case #306: 6 3 5 5 5 8 15 
Case #307: 4 4 5 6 26 
Case #308: 19 1 1 1 1 1 1 1 1 1 1 1 1 1 1 1 1 1 4 20 
Case #309: 8 3 4 4 5 5 5 7 8 
Case #310: 5 1 2 7 10 21 
Case #311: 5 1 3 7 8 22 
Case #312: 5 2 6 7 11 15 
Case #313: 6 4 4 6 6 9 12 
Case #314: -1
Case #315: 5 3 4 8 9 17 
Case #316: -1
Case #317: 5 5 7 9 10 10 
Case #318: 4 2 6 12 21 
Case #319: 4 8 8 10 15 
Case #320: 4 2 4 14 21 
Case #321: 8 2 3 4 4 4 5 8 11 
Case #322: 8 1 1 3 3 5 5 10 13 
Case #323: 7 4 4 5 5 6 7 10 
Case #324: 4 1 3 7 30 
Case #325: 5 4 5 6 8 18 
Case #326: 7 3 4 4 4 7 8 11 
Case #327: 7 4 5 5 5 5 5 12 
Case #328: 6 3 3 6 6 10 13 
Case #329: 5 3 3 4 13 18 
Case #330: 4 3 3 8 27 
Case #331: -1
Case #332: 8 2 3 4 5 5 7 7 8 
Case #333: -1
Case #334: -1
Case #335: 5 1 2 5 16 17 
Case #336: 7 4 5 6 6 6 6 8 
Case #337: 5 3 4 8 13 13 
Case #338: 4 7 8 8 18 
Case #339: 7 4 4 4 6 7 7 9 
Case #340: 14 1 1 1 1 1 1 1 1 1 1 1 1 2 27 
Case #341: 6 3 6 6 6 9 11 
Case #342: 3 8 9 24 
Case #343: 7 3 4 4 4 5 8 13 
Case #344: 16 1 1 1 1 1 1 1 1 1 1 1 1 1 1 2 25 
Case #345: 6 1 3 3 5 10 19 
Case #346: 5 4 4 9 11 13 
Case #347: 7 3 3 5 6 6 9 9 
Case #348: 5 3 6 6 11 15 
Case #349: -1
Case #350: 5 5 6 9 10 11 
Case #351: 4 1 7 16 17 
Case #352: 7 1 1 1 1 1 3 33 
Case #353: 5 5 5 6 11 14 
Case #354: 3 10 13 18 
Case #355: 5 1 1 2 15 22 
Case #356: -1
Case #357: 8 4 4 5 5 5 6 6 6 
Case #358: 5 4 4 6 7 20 
Case #359: 4 3 5 15 18 
Case #360: 5 2 7 8 8 16 
Case #361: 4 7 9 10 15 
Case #362: 8 3 4 4 4 5 5 7 9 
Case #363: 4 7 7 9 18 
Case #364: 5 5 5 5 8 18 
Case #365: -1
Case #366: 15 1 1 1 1 1 1 1 1 1 1 1 1 1 1 27 
Case #367: 4 4 5 16 16 
Case #368: 7 1 3 3 3 3 3 25 
Case #369: -1
Case #370: 6 3 5 5 6 6 16 
Case #371: 6 5 5 5 5 9 12 
Case #372: -1
Case #373: 8 1 1 3 7 7 7 7 8 
Case #374: 4 3 8 9 21 
Case #375: 7 4 5 5 5 6 8 8 
Case #376: 13 1 1 1 1 1 1 1 1 1 1 5 7 19 
Case #377: 5 2 3 5 11 20 
Case #378: 5 2 3 6 9 21 
Case #379: 7 4 4 4 4 5 5 15 
Case #380: 5 5 6 6 9 15 
Case #381: 6 3 5 6 6 10 11 
Case #382: -1
Case #383: 6 5 5 6 6 7 12 
Case #384: 6 6 6 6 7 8 8 
Case #385: 4 5 7 11 18 
Case #386: 22 1 1 1 1 1 1 1 1 1 1 1 1 1 1 1 1 1 1 1 1 1 20 
Case #387: 9 2 4 4 4 4 4 4 6 9 
Case #388: 6 4 5 5 8 8 11 
Case #389: 6 1 1 1 1 5 32 
Case #390: 6 3 5 5 5 11 12 
Case #391: 7 3 3 5 6 6 6 12 
Case #392: 5 3 8 9 9 12 
Case #393: 5 7 7 7 10 10 
Case #394: 5 1 4 5 5 26 
Case #395: 6 3 3 3 5 9 18 
Case #396: 5 5 8 8 8 12 
Case #397: 7 1 4 4 8 8 8 8 
Case #398: 6 1 1 1 7 9 22 
Case #399: 5 3 4 11 11 12 
Case #400: 6 1 3 7 7 7 16 
Case #401: 9 3 4 4 4 4 4 5 5 8 
Case #402: 6 3 4 4 5 11 14 
Case #403: 10 3 3 3 3 3 3 3 3 8 9 
Case #404: 5 3 4 8 8 18 
Case #405: 8 1 3 3 5 5 7 7 10 
Case #406: 6 3 3 5 7 11 12 
Case #407: 4 1 1 3 36 
Case #408: 6 4 5 5 6 6 15 
Case #409: 5 4 7 7 9 14 
Case #410: 6 5 6 6 8 8 8 
Case #411: 6 3 4 6 6 7 15 
Case #412: 6 5 5 6 7 8 10 
Case #413: -1
Case #414: 5 3 3 4 12 19 
Case #415: 6 1 1 4 7 8 20 
Case #416: 8 3 4 4 5 5 5 5 10 
Case #417: 9 1 1 1 1 1 1 1 1 33 
Case #418: 6 4 4 4 6 10 13 
Case #419: -1
Case #420: 10 1 1 1 1 1 1 1 1 2 31 
Case #421: 7 3 5 6 6 6 6 9 
Case #422: 6 3 7 7 8 8 8 
Case #423: 5 1 4 5 12 19 
Case #424: -1
Case #425: -1
Case #426: 9 3 3 3 3 3 3 6 7 10 
Case #427: 7 4 4 4 4 4 9 12 
Case #428: 4 3 5 8 25 
Case #429: -1
Case #430: 9 3 3 3 3 3 5 6 6 9 
Case #431: -1
Case #432: 7 2 3 5 5 7 8 11 
Case #433: 34 1 1 1 1 1 1 1 1 1 1 1 1 1 1 1 1 1 1 1 1 1 1 1 1 1 1 1 1 1 1 1 1 1 8 
Case #434: -1
Case #435: 6 1 1 1 3 11 24 
Case #436: 6 2 5 7 8 8 11 
Case #437: 7 4 5 5 5 6 6 10 
Case #438: 4 5 7 9 20 
Case #439: 6 3 4 4 5 12 13 
Case #440: 2 2 39 
Case #441: 4 3 4 12 22 
Case #442: 6 5 6 7 7 8 8 
Case #443: -1
Case #444: 8 4 4 4 4 4 5 6 10 
Case #445: 4 3 11 11 16 
Case #446: 4 1 7 9 24 
Case #447: -1
Case #448: -1
Case #449: 10 2 3 4 4 4 4 4 4 4 8 
Case #450: -1
Case #451: 6 3 3 7 9 9 10 
Case #452: -1
Case #453: 4 2 7 8 24 
Case #454: 37 1 1 1 1 1 1 1 1 1 1 1 1 1 1 1 1 1 1 1 1 1 1 1 1 1 1 1 1 1 1 1 1 1 1 1 1 5 
Case #455: -1
Case #456: 7 3 5 5 5 5 6 12 
Case #457: 9 1 1 1 1 1 1 1 7 27 
Case #458: 6 3 5 6 6 6 15 
Case #459: 6 2 4 5 5 12 13 
Case #460: -1
Case #461: 6 4 5 6 8 8 10 
Case #462: 5 4 4 7 8 18 
Case #463: -1
Case #464: 6 3 3 5 9 10 11 
Case #465: 5 1 1 1 19 19 
Case #466: 7 3 4 5 7 7 7 8 
Case #467: 4 1 5 17 18 
Case #468: 6 4 4 5 6 7 15 
Case #469: 9 1 1 1 1 1 1 1 4 30 
Case #470: 8 3 3 3 3 5 5 9 10 
Case #471: 25 1 1 1 1 1 1 1 1 1 1 1 1 1 1 1 1 1 1 1 1 1 1 1 7 11 
Case #472: 4 2 9 12 18 
Case #473: 6 4 4 4 8 9 12 
Case #474: 8 3 3 4 4 6 6 6 9 
Case #475: 8 3 3 3 4 6 6 7 9 
Case #476: 11 1 1 1 1 1 1 1 1 1 3 29 
Case #477: -1
Case #478: -1
Case #479: 5 3 3 8 9 18 
Case #480: 4 1 1 7 32 
Case #481: 10 1 1 1 1 1 1 1 1 1 32 
Case #482: 4 3 5 12 21 
Case #483: 39 1 1 1 1 1 1 1 1 1 1 1 1 1 1 1 1 1 1 1 1 1 1 1 1 1 1 1 1 1 1 1 1 1 1 1 1 1 1 3 
Case #484: 5 2 3 8 11 17 
Case #485: 6 6 6 6 7 7 9 
Case #486: 24 1 1 1 1 1 1 1 1 1 1 1 1 1 1 1 1 1 1 1 1 1 1 1 18 
Case #487: -1
Case #488: 9 3 3 3 3 3 4 4 9 9 
Case #489: 3 7 7 27 
Case #490: 5 6 7 7 9 12 
Case #491: 6 1 1 2 5 16 16 
Case #492: -1
Case #493: 7 1 1 1 1 1 4 32 
Case #494: -1
Case #495: 8 3 4 4 4 4 6 6 10 
Case #496: 4 4 6 10 21 
Case #497: 6 4 5 5 5 10 12 
Case #498: -1
Case #499: 5 1 4 7 8 21 
Case #500: 7 4 4 5 5 5 6 12 
Case #501: -1
Case #502: -1
Case #503: 6 4 4 5 8 8 12 
Case #504: 6 1 8 8 8 8 8 
Case #505: 7 4 4 4 4 5 6 14 
Case #506: 11 1 1 1 1 1 1 1 1 1 4 28 
Case #507: 6 5 5 5 6 6 14 
Case #508: 9 3 3 3 3 5 6 6 6 6 
Case #509: 4 7 8 12 14 
Case #510: 6 4 4 5 6 6 16 
Case #511: 5 7 7 8 9 10 
Case #512: 5 4 5 8 8 16 
Case #513: 7 4 4 5 5 7 8 8 
Case #514: 4 4 6 9 22 
Case #515: 5 6 6 7 9 13 
Case #516: -1
Case #517: -1
Case #518: 5 3 3 11 12 12 
Case #519: 6 3 3 5 7 10 13 
Case #520: 5 1 3 5 5 27 
Case #521: 7 3 3 3 6 6 9 11 
Case #522: 41 1 1 1 1 1 1 1 1 1 1 1 1 1 1 1 1 1 1 1 1 1 1 1 1 1 1 1 1 1 1 1 1 1 1 1 1 1 1 1 1 1 
Case #523: 7 2 3 4 4 7 8 13 
Case #524: -1
Case #525: 4 3 3 10 25 
Case #526: 5 1 5 10 10 15 
Case #527: 4 4 4 9 24 
Case #528: 7 1 1 1 5 7 7 19 
Case #529: 8 4 4 4 4 4 4 5 12 
Case #530: 6 4 4 5 6 9 13 
Case #531: 7 3 3 4 5 5 10 11 
Case #532: 6 3 4 4 8 9 13 
Case #533: -1
Case #534: -1
Case #535: 5 2 3 5 8 23 
Case #536: 3 5 17 19 
Case #537: 4 3 6 16 16 
Case #538: 12 1 1 1 1 1 1 1 1 1 1 1 30 
Case #539: 5 1 1 1 2 36 
Case #540: -1
Case #541: 6 5 5 6 6 9 10 
Case #542: -1
Case #543: 7 2 3 4 4 4 8 16 
Case #544: 27 1 1 1 1 1 1 1 1 1 1 1 1 1 1 1 1 1 1 1 1 1 1 1 1 1 5 11 
Case #545: -1
Case #546: -1
Case #547: 6 4 4 5 5 7 16 
Case #548: 5 3 5 5 10 18 
Case #549: 6 3 3 5 5 12 13 
Case #550: -1
Case #551: 5 5 8 8 10 10 
Case #552: 19 1 1 1 1 1 1 1 1 1 1 1 1 1 1 1 1 1 7 17 
Case #553: 4 2 3 4 32 
Case #554: 4 1 4 11 25 
Case #555: 5 4 5 6 6 20 
Case #556: 5 1 1 6 16 17 
Case #557: 19 1 1 1 1 1 1 1 1 1 1 1 1 1 1 1 1 1 5 19 
Case #558: 6 1 2 7 7 8 16 
Case #559: 6 4 4 6 7 9 11 
Case #560: 5 1 3 6 9 22 
Case #561: 6 2 3 5 7 11 13 
Case #562: 16 1 1 1 1 1 1 1 1 1 1 1 1 1 1 6 21 
Case #563: 4 3 5 7 26 
Case #564: 8 3 3 3 3 3 3 10 13 
Case #565: 3 2 6 33 
Case #566: 7 3 3 3 3 6 10 13 
Case #567: 7 1 1 1 1 2 9 26 
Case #568: -1
Case #569: 4 3 10 10 18 
Case #570: 14 1 1 1 1 1 1 1 1 1 1 1 1 1 28 
Case #571: 17 1 1 1 1 1 1 1 1 1 1 1 1 1 1 1 4 22 
Case #572: 5 6 7 8 10 10 
Case #573: 9 3 3 3 4 5 5 6 6 6 
Case #574: 5 4 6 6 12 13 
Case #575: 6 4 6 6 7 9 9 
Case #576: -1
Case #577: 5 4 4 8 9 16 
Case #578: 7 4 4 4 6 6 8 9 
Case #579: 6 4 4 4 6 11 12 
Case #580: 4 4 5 12 20 
Case #581: 5 6 7 9 9 10 
Case #582: 4 2 6 16 17 
Case #583: 5 3 6 6 6 20 
Case #584: 25 1 1 1 1 1 1 1 1 1 1 1 1 1 1 1 1 1 1 1 1 1 1 1 5 13 
Case #585: 38 1 1 1 1 1 1 1 1 1 1 1 1 1 1 1 1 1 1 1 1 1 1 1 1 1 1 1 1 1 1 1 1 1 1 1 1 1 4 
Case #586: 6 3 3 6 6 11 12 
Case #587: 12 1 1 1 1 1 1 1 1 1 1 3 28 
Case #588: 3 9 16 16 
Case #589: -1
Case #590: -1
Case #591: 3 1 17 23 
Case #592: 17 1 1 1 1 1 1 1 1 1 1 1 1 1 1 1 2 24 
Case #593: -1
Case #594: 6 4 5 6 6 8 12 
Case #595: 8 4 4 4 5 5 5 5 9 
Case #596: 8 3 3 4 4 4 6 7 10 
Case #597: 7 4 5 6 6 6 7 7 
Case #598: 6 3 6 6 7 9 10 
Case #599: 15 1 1 1 1 1 1 1 1 1 1 1 1 1 3 25 
Case #600: 5 4 4 4 8 21 
Case #601: 9 2 3 4 4 4 4 4 8 8 
Case #602: 4 1 3 10 27 
Case #603: 4 2 11 14 14 
Case #604: 7 3 4 5 6 6 7 10 
Case #605: 5 1 7 10 10 13 
Case #606: 8 1 1 1 1 1 3 7 26 
Case #607: -1
Case #608: 7 4 4 4 4 7 9 9 
Case #609: -1
Case #610: 7 1 1 1 5 5 11 17 
Case #611: 6 4 4 5 6 8 14 
Case #612: -1
Case #613: -1
Case #614: 6 1 3 5 5 9 18 
Case #615: 6 1 1 1 1 2 35 
Case #616: 4 7 8 11 15 
Case #617: -1
Case #618: 8 4 4 4 5 6 6 6 6 
Case #619: 6 3 5 6 6 7 14 
Case #620: 4 6 6 10 19 
Case #621: -1
Case #622: 7 4 5 5 6 6 6 9 
Case #623: 7 3 3 4 6 6 7 12 
Case #624: 4 6 6 9 20 
Case #625: 4 3 5 6 27 
Case #626: 4 1 11 14 15 
Case #627: 6 3 4 4 5 8 17 
Case #628: 8 3 3 3 3 5 7 7 10 
Case #629: -1
Case #630: 4 3 5 13 20 
Case #631: 7 5 5 5 5 5 8 8 
Case #632: -1
Case #633: -1
Case #634: 5 4 4 6 6 21 
Case #635: 3 5 6 30 
Case #636: 6 3 3 5 7 8 15 
Case #637: 4 5 10 12 14 
Case #638: 6 2 5 5 8 8 13 
Case #639: 4 5 10 10 16 
Case #640: -1
Case #641: 4 3 7 7 24 
Case #642: 4 6 7 8 20 
Case #643: 4 3 8 13 17 
Case #644: 10 1 1 1 1 1 1 1 1 4 29 
Case #645: 6 4 4 4 4 12 13 
Case #646: 32 1 1 1 1 1 1 1 1 1 1 1 1 1 1 1 1 1 1 1 1 1 1 1 1 1 1 1 1 1 1 1 10 
Case #647: -1
Case #648: 3 8 8 25 
Case #649: 12 1 1 1 1 1 1 1 1 1 1 2 29 
Case #650: 7 2 3 7 7 7 7 8 
Case #651: -1
Case #652: 5 1 1 1 3 35 
Case #653: -1
Case #654: -1
Case #655: -1
Case #656: 8 3 5 5 5 5 6 6 6 
Case #657: 6 4 5 6 7 7 12 
Case #658: 6 3 3 7 7 10 11 
Case #659: -1
Case #660: 4 10 10 10 11 
Case #661: 4 8 8 9 16 
Case #662: 5 4 4 5 14 14 
Case #663: 4 2 5 7 27 
Case #664: -1
Case #665: 6 4 5 5 7 10 10 
Case #666: -1
Case #667: 5 1 1 1 1 37 
Case #668: 7 3 4 4 6 7 7 10 
Case #669: -1
Case #670: 8 3 4 4 4 4 5 7 10 
Case #671: 4 5 6 15 15 
Case #672: 7 3 3 6 6 6 7 10 
Case #673: 6 3 3 7 8 9 11 
Case #674: 4 3 4 10 24 
Case #675: 19 1 1 1 1 1 1 1 1 1 1 1 1 1 1 1 1 1 1 23 
Case #676: 5 3 6 7 7 18 
Case #677: 5 3 3 3 7 25 
Case #678: -1
Case #679: 6 2 3 7 8 8 13 
Case #680: -1
Case #681: 5 2 3 9 9 18 
Case #682: 5 4 5 7 10 15 
Case #683: 4 4 6 7 24 
Case #684: 5 4 4 7 9 17 
Case #685: 6 2 3 5 5 11 15 
Case #686: -1
Case #687: 6 1 3 7 8 11 11 
Case #688: 4 7 10 10 14 
Case #689: 5 4 4 7 10 16 
Case #690: 5 4 7 10 10 10 
Case #691: -1
Case #692: 8 3 3 3 5 5 6 6 10 
Case #693: -1
Case #694: 8 3 3 3 5 5 5 7 10 
Case #695: -1
Case #696: 28 1 1 1 1 1 1 1 1 1 1 1 1 1 1 1 1 1 1 1 1 1 1 1 1 1 1 1 14 
Case #697: 7 4 4 4 4 5 8 12 
Case #698: 3 11 12 18 
Case #699: 13 1 1 1 1 1 1 1 1 1 1 1 1 29 
Case #700: 7 5 5 6 6 6 6 7 
Case #701: 6 3 4 6 6 6 16 
Case #702: 6 2 3 3 5 13 15 
Case #703: 8 2 4 4 5 5 5 6 10 
Case #704: 7 2 4 5 7 7 8 8 
Case #705: -1
Case #706: 4 3 11 12 15 
Case #707: 9 1 1 1 1 1 1 1 2 32 
Case #708: 7 4 4 6 6 6 6 9 
Case #709: 7 4 6 6 6 6 6 7 
Case #710: 13 1 1 1 1 1 1 1 1 1 1 3 7 21 
Case #711: 5 1 4 4 8 24 
Case #712: 7 5 6 6 6 6 6 6 
Case #713: 8 1 1 1 1 1 1 1 34 
Case #714: -1
Case #715: 6 2 4 4 9 11 11 
Case #716: 5 3 5 6 13 14 
Case #717: 6 3 6 6 7 7 12 
Case #718: 6 1 4 4 4 8 20 
Case #719: 5 5 5 8 8 15 
Case #720: 5 3 3 6 10 19 
Case #721: 5 1 4 7 13 16 
Case #722: 4 4 4 13 20 
Case #723: 5 2 7 7 10 15 
Case #724: -1
Case #725: 5 4 4 5 9 19 
Case #726: 5 2 7 7 7 18 
Case #727: -1
Case #728: 7 1 1 1 1 1 1 35 
Case #729: 21 1 1 1 1 1 1 1 1 1 1 1 1 1 1 1 1 1 1 1 1 21 
Case #730: -1
Case #731: 20 1 1 1 1 1 1 1 1 1 1 1 1 1 1 1 1 1 1 2 21 
Case #732: 5 5 6 7 8 15 
Case #733: 5 5 7 8 8 13 
Case #734: 22 1 1 1 1 1 1 1 1 1 1 1 1 1 1 1 1 1 1 1 1 7 14 
Case #735: 6 3 4 4 8 11 11 
Case #736: -1
Case #737: 4 7 8 10 16 
Case #738: -1
Case #739: 6 4 4 4 7 9 13 
Case #740: 7 2 3 4 8 8 8 8 
Case #741: 35 1 1 1 1 1 1 1 1 1 1 1 1 1 1 1 1 1 1 1 1 1 1 1 1 1 1 1 1 1 1 1 1 1 1 7 
Case #742: 7 3 3 4 7 7 8 9 
Case #743: 3 6 11 24 
Case #744: 8 3 3 4 5 5 6 6 9 
Case #745: 7 4 4 4 5 5 5 14 
Case #746: 5 5 5 6 9 16 
Case #747: 8 3 4 4 5 6 6 6 7 
Case #748: 9 1 1 1 1 1 1 3 5 27 
Case #749: 7 4 4 4 6 6 7 10 
Case #750: 7 3 3 4 4 4 10 13 
Case #751: 3 11 13 17 
Case #752: 8 2 3 4 4 4 8 8 8 
Case #753: 5 6 6 8 10 11 
Case #754: 5 3 8 8 11 11 
Case #755: 9 2 3 4 4 5 5 5 5 8 
Case #756: 6 4 6 6 8 8 9 
Case #757: 4 5 9 12 15 
Case #758: 4 8 9 10 14 
Case #759: 6 4 5 5 6 9 12 
Case #760: 9 3 4 4 4 4 4 4 4 10 
Case #761: 8 3 3 3 3 6 6 7 10 
Case #762: 5 3 5 5 6 22 
Case #763: 7 4 4 4 5 5 7 12 
Case #764: 4 6 8 8 19 
Case #765: -1
Case #766: 6 4 4 8 8 8 9 
Case #767: 4 2 7 16 16 
Case #768: 6 4 4 4 5 8 16 
Case #769: 4 4 6 13 18 
Case #770: -1
Case #771: 15 1 1 1 1 1 1 1 1 1 1 1 1 1 2 26 
Case #772: 6 2 3 4 5 8 19 
Case #773: 7 3 3 4 4 6 10 11 
Case #774: 8 1 1 1 1 1 3 16 17 
Case #775: 7 4 4 4 6 7 8 8 
Case #776: 4 1 1 5 34 
Case #777: -1
Case #778: 5 6 6 6 9 14 
Case #779: 16 1 1 1 1 1 1 1 1 1 1 1 1 1 1 4 23 
Case #780: 3 7 10 24 
Case #781: 7 3 3 4 7 7 7 10 
Case #782: 9 4 4 4 4 4 4 4 5 8 
Case #783: 5 4 4 6 9 18 
Case #784: 6 1 2 4 5 13 16 
Case #785: -1
Case #786: 3 6 15 20 
Case #787: -1
Case #788: 5 3 4 7 13 14 
Case #789: 10 3 3 3 3 3 3 5 6 6 6 
Case #790: 6 4 6 7 8 8 8 
Case #791: 6 2 3 4 7 8 17 
Case #792: 6 3 6 6 6 6 14 
Case #793: -1
Case #794: 5 6 6 6 11 12 
Case #795: 6 1 3 3 10 11 13 
Case #796: 4 1 2 14 24 
Case #797: -1
Case #798: 6 4 5 6 6 6 14 
Case #799: 36 1 1 1 1 1 1 1 1 1 1 1 1 1 1 1 1 1 1 1 1 1 1 1 1 1 1 1 1 1 1 1 1 1 1 1 6 
Case #800: 4 1 4 15 21 
Case #801: 3 9 14 18 
Case #802: -1
Case #803: 6 3 4 6 6 9 13 
Case #804: 4 4 4 6 27 
Case #805: 9 3 3 3 3 4 4 5 7 9 
Case #806: 29 1 1 1 1 1 1 1 1 1 1 1 1 1 1 1 1 1 1 1 1 1 1 1 1 1 1 1 1 13 
Case #807: 6 4 5 5 9 9 9 
Case #808: 4 3 6 10 22 
Case #809: -1
Case #810: 4 2 3 16 20 
Case #811: 8 3 4 4 4 5 6 6 9 
Case #812: -1
Case #813: 4 1 6 7 27 
Case #814: -1
Case #815: 5 5 6 7 11 12 
Case #816: -1
Case #817: 5 3 6 6 9 17 
Case #818: 4 3 3 16 19 
Case #819: 6 1 2 7 10 10 11 
Case #820: 6 3 5 5 7 8 13 
Case #821: 5 5 6 8 10 12 
Case #822: -1
Case #823: 9 3 3 4 4 4 4 5 5 9 
Case #824: -1
Case #825: -1
Case #826: -1
Case #827: 8 3 3 3 4 4 6 9 9 
Case #828: 7 3 3 3 5 9 9 9 
Case #829: -1
Case #830: 5 4 4 4 11 18 
Case #831: 7 4 4 4 4 8 8 9 
Case #832: 5 5 5 6 12 13 
Case #833: 7 5 5 5 6 6 6 8 
Case #834: 7 3 4 4 5 5 10 10 
Case #835: 4 6 11 12 12 
Case #836: 6 3 5 7 7 7 12 
Case #837: 8 3 4 5 5 6 6 6 6 
Case #838: 10 1 4 4 4 4 4 4 4 4 8 
Case #839: 25 1 1 1 1 1 1 1 1 1 1 1 1 1 1 1 1 1 1 1 1 1 1 1 1 17 
Case #840: 5 4 5 7 7 18 
Case #841: 3 6 14 21 
Case #842: 13 1 1 1 1 1 1 1 1 1 1 1 4 26 
Case #843: 6 3 5 6 6 9 12 
Case #844: 5 3 4 7 8 19 
Case #845: -1
Case #846: 8 4 4 4 4 4 5 8 8 
Case #847: 19 1 1 1 1 1 1 1 1 1 1 1 1 1 1 1 1 1 2 22 
Case #848: 6 3 5 7 7 8 11 
Case #849: 7 3 4 6 6 6 6 10 
Case #850: 6 5 6 6 6 9 9 
Case #851: -1
Case #852: 6 3 4 5 6 7 16 
Case #853: 3 5 18 18 
Case #854: 4 8 10 11 12 
Case #855: 7 5 5 5 5 6 6 9 
Case #856: 9 3 4 4 4 4 4 4 5 9 
Case #857: 5 6 8 8 9 10 
Case #858: 5 8 8 8 8 9 
Case #859: 6 1 1 3 3 10 23 
Case #860: 6 3 3 5 9 9 12 
Case #861: 3 6 17 18 
Case #862: 5 4 4 6 10 17 
Case #863: 6 6 6 6 6 8 9 
Case #864: 7 4 4 5 5 7 7 9 
Case #865: 5 2 4 8 11 16 
Case #866: 3 9 12 20 
Case #867: 5 1 4 9 13 14 
Case #868: 21 1 1 1 1 1 1 1 1 1 1 1 1 1 1 1 1 1 1 1 9 13 
Case #869: 7 1 1 1 1 1 17 19 
Case #870: 31 1 1 1 1 1 1 1 1 1 1 1 1 1 1 1 1 1 1 1 1 1 1 1 1 1 1 1 1 1 1 11 
Case #871: 8 3 3 4 5 5 5 6 10 
Case #872: 6 5 5 6 7 9 9 
Case #873: 4 4 7 10 20 
Case #874: 6 4 5 6 6 9 11 
Case #875: 4 9 10 10 12 
Case #876: -1
Case #877: 9 3 3 3 3 3 5 5 6 10 
Case #878: 6 6 6 6 6 6 11 
Case #879: 6 5 5 5 6 8 12 
Case #880: 6 5 5 6 6 6 13 
Case #881: 7 4 5 5 6 6 7 8 
Case #882: -1
Case #883: 7 3 3 3 5 6 10 11 
Case #884: 8 3 4 4 4 4 7 7 8 
Case #885: 5 4 5 5 9 18 
Case #886: 4 1 1 2 37 
Case #887: 7 4 4 5 6 6 8 8 
Case #888: 6 4 5 8 8 8 8 
Case #889: -1
Case #890: 4 4 8 8 21 
Case #891: 7 3 3 5 5 5 6 14 
Case #892: 13 1 1 1 1 1 1 1 1 1 1 7 11 13 
Case #893: 6 3 4 5 5 8 16 
Case #894: 6 3 5 6 9 9 9 
Case #895: -1
Case #896: 5 4 5 6 11 15 
Case #897: 5 3 3 4 5 26 
Case #898: 6 4 4 6 9 9 9 
Case #899: -1
Case #900: 11 1 1 1 1 1 1 1 1 1 1 31 
Case #901: 5 4 6 6 11 14 
Case #902: 9 3 3 3 4 4 5 5 5 9 
Case #903: 6 4 4 4 7 7 15 
Case #904: 6 1 1 1 3 16 19 
Case #905: 6 1 4 4 4 12 16 
Case #906: 3 3 16 22 
Case #907: 4 3 7 9 22 
Case #908: 8 2 4 4 5 5 5 8 8 
Case #909: -1
Case #910: 8 3 5 5 5 5 5 5 8 
Case #911: 13 1 1 1 1 1 1 1 1 1 1 1 5 25 
Case #912: 7 3 3 4 4 5 9 13 
Case #913: -1
Case #914: 7 3 4 4 6 6 9 9 
Case #915: 4 2 4 10 25 
Case #916: 7 3 3 4 5 7 7 12 
Case #917: -1
Case #918: 6 4 4 4 9 9 11 
Case #919: 7 3 4 5 5 5 8 11 
Case #920: 4 1 5 16 19 
Case #921: -1
Case #922: 6 3 5 7 7 9 10 
Case #923: 5 1 1 11 14 14 
Case #924: 4 3 9 11 18 
Case #925: 8 1 1 1 1 1 1 2 33 
Case #926: 11 1 1 1 1 1 1 1 1 1 5 27 
Case #927: 3 6 10 25 
Case #928: 6 4 4 6 7 8 12 
Case #929: -1
Case #930: 5 5 6 8 8 14 
Case #931: 5 6 6 6 7 16 
Case #932: 6 4 5 5 6 7 14 
Case #933: 6 2 4 4 7 8 16 
Case #934: 5 2 3 3 16 17 
Case #935: 8 2 4 4 4 4 6 7 10 
Case #936: 7 3 3 5 5 5 8 12 
Case #937: 3 7 14 20 
Case #938: 6 2 3 3 3 3 27 
Case #939: 8 1 1 1 1 1 1 4 31 
Case #940: -1
Case #941: 4 3 8 12 18 
Case #942: 21 1 1 1 1 1 1 1 1 1 1 1 1 1 1 1 1 1 1 1 3 19 
Case #943: 6 4 6 6 7 8 10 
Case #944: -1
Case #945: 4 6 10 10 15 
Case #946: 3 2 14 25 
Case #947: 6 3 3 4 8 11 12 
Case #948: 21 1 1 1 1 1 1 1 1 1 1 1 1 1 1 1 1 1 1 1 11 11 
Case #949: -1
Case #950: 8 3 3 3 3 3 8 9 9 
Case #951: 18 1 1 1 1 1 1 1 1 1 1 1 1 1 1 1 1 2 23 
Case #952: 7 3 4 4 5 5 6 14 
Case #953: -1
Case #954: 6 3 3 3 9 10 13 
Case #955: 7 2 4 4 7 8 8 8 
Case #956: 5 3 4 5 12 17 
Case #957: -1
Case #958: 21 1 1 1 1 1 1 1 1 1 1 1 1 1 1 1 1 1 1 1 5 17 
Case #959: -1
Case #960: 8 3 3 4 4 5 5 7 10 
