960
2200
2403381
25490988
105600
25600
42105
101
153600
1008
368640
282791
78750
589833267
3510
18720
32400
7920
82268566
21384
1440
19440
52488
986129769
86400
2400
23760
2906162
345600
97
24576
331776
20000
170100
900360029
76032
262440
1671
47628
14112
67893369
13122
340200
1048576
33696
29400
4914
987
56700
26460
288
324000
3371
61966
112896
813
18816
2640
448
54880
19200
52800
7040
181440
57600
5073
129600
519
8640
110
24480
3509575
225792
47473
35503
11340
5280
72576
4788
102060
68
78000
4410
133650
20160
1741
288000
97200
300
27000
8250
90720
4733
10710
81
118800
67200
7680
45
2100
102
51840
14040
129024
35640
7776
501
107
29160
48384
39600
77760
3312
248832
21504
25
27456
111
5044
36283838
76
22950
69
103680
13230
48238
16
14560
12000
3600
24
567
5000
409342369
10500
105000
13056
7290
60
88704
5250
11016
138240
696
22
4488
22500
2097152
420
3645
90
29952
4000
48000
83160
96
9180
994617
59136
11232
969
79548
40824
8448
63
93
1215
163296
36
115200
646
56
10368
38880
142560
63360
115
56448
150528
53
79200
21952
32670
20736
132300
51
162000
3864
510205
26
74088
18480
349920
460800
19656
127
922505446
21168
32805
559
934
91
15750
25002
216
12800
4620
40
124416
16000
67584
85881
53940
193536
7560
22680
126720
697106497
459270
5625
15
6400
8316
281250
145800
4320
19008
5200
640
294912
4200
89600
2520
746803744
430080
42336
7056
32076
476014
33750
699840
163840
259200
226151256
142884
466560
23040
43680
540
3375
15120
104976
546750
128000
3360
633
576
7128
504
49000
5760
9
1848
49
864
7392
192
25920
89
50000
122
84480
2016
92317161
31104
8624
32256
230400
21840
15840
221184
10000
7025
2
989447237
8660
38
3240
7200
373248
1701
16800
1824
42000
33792
30240
1000000000
322560
28080
49392
101250
180
67
622080
57344
916855204
45000
3120
80
336000
2940
3696
13860
62208
34111
14688
961175759
31500
3024
9600
2352
168960
29250
168000
630
17280
118272
150000
42120
8424
1944
71805
235200
7455307
129
2720
207360
16224
8064
169344
54
64152
1728
99840
50
8550
20592
131220
17820
9409159
29700
1904
99
23100
2340
660
673921
432000
13440
4050
14336
9450
302400
7938
18000
322081025
27
5120
6075
6541551
43200
67500
2618049
57624
4536
192000
665
6600
6804
96000
24300
59400
8347
75600
96768
6930
20
442368
70400
160
49500
116640
23328
34300
2600
21870
30720
65536
1386
17424
16464
614400
36960
472392
13824
110250
41580
108
54000
24696
92160
45360
84000
6765
8208
4480
300000
33
49920
967669583
62
174960
75264
4560
21383
8087519
306180
110592
3000
938017885
393660
9489
92400
8
70235461
792
49280
180000
6300
37440
78
3168
94080
474
307200
5808
1512
641
123
786432
6037
51030
91857
2688
5
4539685
135000
189
48600
31200
84579
76800
16128
4943
44550
361
164640
1530
50400
120
182250
77
3888
55296
279936
244944
87
517759
653477439
11664
224
32
3780
3
8976
95256
18
473
314928
1323
31752
2560
5657
128
983900459
276480
5040
60000
7389
4704
144000
904152917
3157819
61440
32768
107520
112
63000
524880
9408
46080
35280
20480
179200
4752
29484
281
1817
14256
40950
2025
96228
1
69888
536870912
2250
7500
3456
4655
245760
56160
99000
44928
79
954158175
5520
1615
4608
30
72
482421315
81000
103
49152
55
998506315
73
44800
13500
35100
33108
32000
119
768
1100
14400
1632
95
12544
66528
3564
30030
126
2730
94770
396
63180
468
38497
5400
28
88
33600
583200
22464
81648
964532929
18432
165888
50688
4800
34020
3264
12960
65
4
42768
84
2304
47958485
27184698
391
48
47
69120
360000
241920
211680
68040
75
10752
393216
810
4312
151200
9100
546
587234
145152
42755209
4675
53760
109
257
12150
70
9240
949106497
414720
52920
6840
6399199
194400
108864
6480
2430
2310
32640
198450
688978813
3900
200000
432255
59
12096
900
37800
8400
41600
8000
113
3528
6720
5304
116
39936
10
621008
1600
58
115248
725573
105
926315427
83
395
405000
70560
48510
1249
11000
9216
15680
1890
9425
70000
58054077
37
141120
625433749
268800
6750
136080
49896
2880
23
15876
4725
33401221
34944
100696425
8748
21000
4032
17136
24750
5767201
20328
9800
17920
28000
346742385
243000
106
236250
981028563
14
122880
2376
29
226800
41472
17550
240000
125440
7390
5940
64
186624
217728
441
3072
233280
34
5721
34848
16380
63504
10240
24000
10260
5824
4160
14700
7897861
13680
12348
80949857
35
21
805306368
42
25200
29120
98
46464
30973
8960
118
52416
98304
7
127008
1584
291600
112000
21600
362880
405
161280
74880
2431
196608
31680
23232
480000
82944
8100
10080
64800
491520
204120
9900
134400
7296
214573
73728
3584
40960
5616
5297
52
18240
95040
816
172032
170
999999999
27216
92
1680
123480
655360
15552
8320
43
1800
86
15288
787320
86016
22848
54432
193
28512
12870
672
1001604
60480
6
1260
2268
8826131
50544
2592
408240
13
72900
3960
11085765
1920
311040
85712697
1134
23115571
27720
957262828
16524
2736
15400
54600
28800
7785
518400
131980
8015864
194241
209952
98415
94
12672
147456
23400
216000
120000
9504
61740
388800
524288
17
17640
1764
104
58320
12768
457481
327680
44
64680
155520
87480
9827
40320
1620
10560
202500
552960
34560
36864
2070
43740
1836
16320
93312
176400
11264
2160
6552
117
323
11
270000
85050
5600
71280
10800
122877509
364500
85536
72000
70200
201600
118263990
89100
301056
16200
74
184320
81920
362
5376
94500
1001
38400
65610
5601
19800
4680
69984
1000000
31
22176
486000
47040
912
12288
1056
4158
256000
131
375000
125
84240
998244353
139968
2000
105840
999999937
57024
132000
1520
782
66150
2156
5346
66
135
1500
64512
2707
26880
24192
58800
28672
4896
215040
108000
1960
4374
124
8772
5184
57
80640
999999998
9000
700
38016
121
8372259
157464
46
100800
64922375
31590
114688
12240
71
85
4173641
252000
