Case #1: 17 1 1 1 1 1 2 2 2 2 2 2 3 3 3 5 5 5 
Case #2: 26 1 1 1 1 1 1 1 1 1 1 1 1 1 1 1 1 1 1 2 2 2 2 2 3 5 5 
Case #3: -1
Case #4: 25 1 1 1 1 1 1 1 1 1 1 1 1 1 1 1 1 1 1 3 3 3 3 3 3 5 
Case #5: 21 1 1 1 1 1 1 1 1 1 1 1 1 1 1 1 1 2 2 5 5 11 
Case #6: 38 1 1 1 1 1 1 1 1 1 1 1 1 1 1 1 1 1 1 1 1 1 1 1 1 1 1 1 1 1 1 1 1 1 1 1 2 2 2 
Case #7: 15 1 1 2 2 2 2 2 2 2 2 3 5 5 5 5 
Case #8: 12 1 1 1 2 2 2 3 3 3 5 7 11 
Case #9: 17 1 1 1 1 1 2 2 2 2 2 2 2 2 3 3 7 7 
Case #10: 14 1 1 2 2 2 2 2 2 2 3 5 5 5 7 
Case #11: -1
Case #12: 13 1 1 1 1 1 2 2 3 3 3 5 5 13 
Case #13: 19 1 1 1 1 1 1 1 1 1 2 2 2 2 3 3 3 3 5 7 
Case #14: 13 1 1 1 1 1 1 1 2 2 5 5 7 13 
Case #15: 17 1 1 1 1 1 1 2 2 2 2 2 2 2 2 3 3 13 
Case #16: 17 1 1 1 1 1 1 1 1 2 2 3 3 3 3 5 5 7 
Case #17: -1
Case #18: 23 1 1 1 1 1 1 1 1 1 1 2 2 2 2 2 2 2 2 3 3 3 3 3 
Case #19: 20 1 1 1 1 1 1 1 1 1 1 1 1 1 1 1 1 2 3 7 13 
Case #20: 13 1 1 1 2 2 2 2 3 3 3 3 5 13 
Case #21: 17 1 1 1 1 1 1 2 2 2 2 2 2 3 5 5 5 5 
Case #22: -1
Case #23: 10 1 1 2 2 2 2 2 3 13 13 
Case #24: -1
Case #25: 25 1 1 1 1 1 1 1 1 1 1 1 1 1 1 1 1 1 1 1 2 2 3 3 5 7 
Case #26: -1
Case #27: 16 1 1 1 1 1 2 2 2 2 2 2 2 3 5 7 7 
Case #28: 15 1 1 1 1 1 1 2 2 2 2 3 3 7 7 7 
Case #29: 25 1 1 1 1 1 1 1 1 1 1 1 1 1 1 1 2 2 2 2 3 3 3 3 3 3 
Case #30: 14 1 1 1 1 1 2 2 2 2 2 3 5 7 11 
Case #31: 24 1 1 1 1 1 1 1 1 1 1 1 1 1 1 1 1 2 2 2 3 3 3 5 5 
Case #32: 19 1 1 1 1 1 1 1 1 2 2 2 2 2 2 2 2 5 5 7 
Case #33: 21 1 1 1 1 1 1 1 1 1 1 1 1 1 1 1 1 1 1 1 11 11 
Case #34: 27 1 1 1 1 1 1 1 1 1 1 1 1 1 1 1 1 1 1 1 1 1 3 3 3 3 3 5 
Case #35: 26 1 1 1 1 1 1 1 1 1 1 1 1 1 1 1 1 1 1 1 2 3 3 3 3 3 5 
Case #36: -1
Case #37: 13 1 1 2 2 2 2 2 2 2 2 3 7 13 
Case #38: 17 1 1 1 1 2 2 2 2 3 3 3 3 3 3 3 3 5 
Case #39: -1
Case #40: 23 1 1 1 1 1 1 1 1 1 1 1 1 1 1 1 1 1 1 1 1 2 2 17 
Case #41: 22 1 1 1 1 1 1 1 1 1 1 1 1 1 1 2 2 2 3 3 5 5 5 
Case #42: 21 1 1 1 1 1 1 1 1 1 1 1 2 2 2 2 2 2 3 3 5 7 
Case #43: 19 1 1 1 1 1 1 1 1 1 2 2 2 2 2 2 3 3 3 11 
Case #44: 15 1 1 1 1 1 1 2 2 2 2 3 3 3 5 13 
Case #45: 19 1 1 1 2 2 2 2 2 2 2 2 2 2 2 2 3 3 3 5 
Case #46: 15 1 1 1 1 1 2 2 2 2 3 3 3 5 7 7 
Case #47: -1
Case #48: 11 1 1 2 2 2 2 3 7 7 7 7 
Case #49: 24 1 1 1 1 1 1 1 1 1 1 1 1 2 2 2 2 2 2 2 3 3 3 3 3 
Case #50: 20 1 1 1 1 1 1 1 1 1 1 2 2 2 2 2 2 2 3 7 7 
Case #51: 41 1 1 1 1 1 1 1 1 1 1 1 1 1 1 1 1 1 1 1 1 1 1 1 1 1 1 1 1 1 1 1 1 1 1 1 1 1 1 1 1 1 
Case #52: 16 1 1 1 1 1 1 1 1 2 2 2 2 2 3 3 17 
Case #53: 28 1 1 1 1 1 1 1 1 1 1 1 1 1 1 1 1 1 2 2 2 2 2 2 2 2 2 3 3 
Case #54: 14 1 1 1 2 2 2 2 2 2 2 3 3 7 11 
Case #55: 17 1 1 1 1 1 1 1 2 2 2 2 2 2 3 3 3 13 
Case #56: 3 1 3 37 
Case #57: 19 1 1 1 1 1 1 1 1 2 2 2 2 2 2 3 3 5 5 5 
Case #58: 36 1 1 1 1 1 1 1 1 1 1 1 1 1 1 1 1 1 1 1 1 1 1 1 1 1 1 1 1 1 1 1 1 1 1 2 5 
Case #59: 18 1 1 1 1 1 1 1 1 1 1 2 2 2 3 5 5 5 7 
Case #60: 17 1 1 1 1 1 1 1 1 1 1 1 1 2 2 7 7 11 
Case #61: -1
Case #62: 32 1 1 1 1 1 1 1 1 1 1 1 1 1 1 1 1 1 1 1 1 1 1 1 1 1 2 2 2 2 2 3 3 
Case #63: 20 1 1 1 1 1 1 1 1 2 2 2 2 2 2 2 2 2 3 5 7 
Case #64: 17 1 1 1 1 1 1 1 1 1 1 1 2 2 2 2 3 19 
Case #65: 10 1 1 1 2 3 3 3 5 11 11 
Case #66: 16 1 1 1 1 1 2 2 2 2 2 2 2 3 3 5 11 
Case #67: -1
Case #68: 16 1 1 1 1 1 1 2 3 3 3 3 3 3 5 5 5 
Case #69: 16 1 1 1 1 1 1 1 1 1 1 2 3 3 5 7 11 
Case #70: 24 1 1 1 1 1 1 1 1 1 1 1 2 2 2 2 2 2 2 2 2 3 3 3 3 
Case #71: 23 1 1 1 1 1 1 1 1 1 1 1 2 2 2 2 2 2 2 2 2 2 5 5 
Case #72: 13 1 1 1 1 1 1 2 2 3 5 5 7 11 
Case #73: -1
Case #74: 19 1 1 1 1 1 1 1 1 1 1 2 2 2 2 3 3 3 3 11 
Case #75: -1
Case #76: 20 1 1 1 1 1 1 1 1 1 1 1 1 1 2 3 3 3 5 5 7 
Case #77: -1
Case #78: -1
Case #79: 21 1 1 1 1 1 1 1 1 1 1 1 1 1 2 2 3 3 3 5 5 5 
Case #80: -1
Case #81: 20 1 1 1 1 1 1 1 1 1 1 1 1 2 2 2 2 2 3 5 11 
Case #82: 24 1 1 1 1 1 1 1 1 1 1 1 1 1 1 1 2 3 3 3 3 3 3 3 3 
Case #83: -1
Case #84: 29 1 1 1 1 1 1 1 1 1 1 1 1 1 1 1 1 1 1 1 1 1 1 1 2 2 3 3 3 5 
Case #85: 16 1 1 1 1 2 2 2 2 2 3 3 3 3 3 5 7 
Case #86: 13 1 1 1 1 2 2 3 3 3 5 5 7 7 
Case #87: 14 1 1 1 1 2 2 2 2 2 2 2 3 7 13 
Case #88: 13 1 1 1 1 1 1 1 1 1 1 7 11 13 
Case #89: 17 1 1 1 1 1 1 1 1 2 2 3 3 3 5 5 5 5 
Case #90: 22 1 1 1 1 1 1 1 1 1 2 2 2 2 2 2 2 2 2 3 3 3 5 
Case #91: 16 1 1 1 1 1 1 1 1 1 1 2 3 3 3 7 13 
Case #92: 12 1 1 2 2 2 2 2 3 5 5 5 11 
Case #93: 15 1 1 1 1 1 2 2 3 3 3 3 5 5 5 5 
Case #94: 22 1 1 1 2 2 2 2 2 2 2 2 2 2 2 2 2 2 2 2 2 2 2 
Case #95: 14 1 1 1 1 1 2 2 2 3 3 3 7 7 7 
Case #96: 24 1 1 1 1 1 1 1 1 1 1 1 1 1 1 1 1 1 2 2 2 3 3 5 7 
Case #97: 25 1 1 1 1 1 1 1 1 1 1 1 1 1 1 1 1 2 2 3 3 3 3 3 3 3 
Case #98: 15 1 1 1 1 2 2 2 2 2 2 3 3 5 7 7 
Case #99: 14 1 1 1 1 1 1 2 2 2 2 2 5 7 13 
Case #100: 17 1 1 1 1 1 1 1 1 2 2 3 3 3 3 3 3 11 
Case #101: 21 1 1 1 1 1 1 1 1 1 1 1 2 2 2 2 2 2 2 2 3 11 
Case #102: 12 1 1 2 2 2 3 5 5 5 5 5 5 
Case #103: 22 1 1 1 1 1 1 1 1 1 1 1 1 1 2 2 2 2 2 3 3 5 7 
Case #104: 14 1 1 1 1 2 2 2 2 2 3 3 3 5 13 
Case #105: 22 1 1 1 1 1 1 1 1 1 1 1 1 1 1 1 2 2 2 3 3 7 7 
Case #106: -1
Case #107: -1
Case #108: 35 1 1 1 1 1 1 1 1 1 1 1 1 1 1 1 1 1 1 1 1 1 1 1 1 1 1 1 1 1 1 1 1 2 2 5 
Case #109: 24 1 1 1 1 1 1 1 1 1 1 1 1 1 1 1 1 2 2 2 2 2 5 5 5 
Case #110: 18 1 1 1 1 1 1 1 1 1 1 1 2 2 2 5 5 7 7 
Case #111: -1
Case #112: 3 11 13 17 
Case #113: 30 1 1 1 1 1 1 1 1 1 1 1 1 1 1 1 1 1 1 1 1 1 1 1 1 1 1 1 2 5 7 
Case #114: 21 1 1 1 1 1 1 1 1 1 1 1 1 1 2 2 3 3 3 3 5 7 
Case #115: 34 1 1 1 1 1 1 1 1 1 1 1 1 1 1 1 1 1 1 1 1 1 1 1 1 1 1 1 2 2 2 2 2 2 2 
Case #116: -1
Case #117: -1
Case #118: 12 1 1 1 2 3 3 3 3 5 5 7 7 
Case #119: 18 1 1 1 1 1 1 1 1 2 2 2 2 2 3 3 3 3 11 
Case #120: 19 1 1 1 1 1 1 1 1 1 1 1 2 2 3 3 5 5 5 5 
Case #121: 14 1 1 1 1 1 1 2 3 3 3 5 5 7 7 
Case #122: 25 1 1 1 1 1 1 1 1 1 1 1 1 1 2 2 2 2 2 2 2 2 3 3 3 3 
Case #123: -1
Case #124: 20 1 1 1 1 1 1 2 2 2 2 2 2 2 2 2 3 3 3 3 5 
Case #125: 19 1 1 1 1 1 1 1 1 2 2 2 2 2 2 3 3 3 5 7 
Case #126: -1
Case #127: 14 1 1 1 1 1 1 2 2 2 3 3 3 3 17 
Case #128: 26 1 1 1 1 1 1 1 1 1 1 1 1 1 1 1 1 1 2 2 2 2 2 2 2 3 7 
Case #129: -1
Case #130: 25 1 1 1 1 1 1 1 1 1 1 1 1 1 1 1 1 2 2 2 2 2 2 3 3 7 
Case #131: -1
Case #132: -1
Case #133: 21 1 1 1 1 1 1 1 1 1 1 1 1 1 1 2 2 3 5 5 5 5 
Case #134: 22 1 1 1 1 1 2 2 2 2 2 2 2 2 2 2 2 2 2 2 2 3 3 
Case #135: 17 1 1 1 1 1 1 1 1 1 2 2 2 2 2 2 3 17 
Case #136: 23 1 1 1 1 1 1 1 1 1 1 1 1 2 2 2 2 2 2 3 3 3 3 5 
Case #137: 18 1 1 1 1 1 1 1 1 1 1 2 2 2 3 3 3 3 13 
Case #138: 13 1 1 1 1 2 2 3 3 3 3 5 5 11 
Case #139: 28 1 1 1 1 1 1 1 1 1 1 1 1 1 1 1 1 1 1 2 2 2 2 2 2 2 2 2 5 
Case #140: -1
Case #141: -1
Case #142: -1
Case #143: 12 1 1 2 2 2 2 2 3 5 7 7 7 
Case #144: 25 1 1 1 1 1 1 1 1 1 1 1 1 1 1 1 1 1 1 1 3 3 3 3 3 7 
Case #145: 17 1 1 1 1 1 1 2 2 2 2 3 3 3 3 3 5 7 
Case #146: 17 1 1 1 1 1 1 1 1 1 1 2 2 3 3 3 7 11 
Case #147: 14 1 1 1 1 1 2 2 2 2 2 2 2 3 19 
Case #148: 27 1 1 1 1 1 1 1 1 1 1 1 1 1 1 1 1 1 1 1 1 1 2 2 3 3 5 5 
Case #149: 34 1 1 1 1 1 1 1 1 1 1 1 1 1 1 1 1 1 1 1 1 1 1 1 1 1 1 1 1 1 1 1 1 2 7 
Case #150: 21 1 1 1 1 1 1 2 2 2 2 2 2 2 2 2 2 3 3 3 3 3 
Case #151: 12 1 1 1 2 3 3 5 5 5 5 5 5 
Case #152: -1
Case #153: -1
Case #154: 21 1 1 1 1 1 1 1 1 1 1 1 1 1 1 2 2 3 3 5 5 7 
Case #155: 21 1 1 1 1 1 1 1 1 2 2 2 2 2 2 2 2 2 2 3 5 5 
Case #156: 25 1 1 1 1 1 1 1 1 1 1 1 1 1 1 1 1 1 1 1 1 1 1 1 7 11 
Case #157: 21 1 2 2 2 2 2 2 2 2 2 2 2 2 2 2 2 2 2 2 2 2 
Case #158: 26 1 1 1 1 1 1 1 1 1 1 1 1 1 1 1 1 1 1 2 2 2 3 3 3 3 5 
Case #159: 17 1 1 1 1 1 1 1 1 1 2 2 3 3 5 5 5 7 
Case #160: 16 1 1 1 2 2 2 2 2 3 3 3 3 3 3 5 5 
Case #161: -1
Case #162: 9 1 1 2 2 2 2 3 5 23 
Case #163: 17 1 1 1 1 1 1 2 2 2 2 2 2 3 3 3 3 11 
Case #164: 15 1 1 1 2 2 2 2 2 2 3 3 3 5 5 7 
Case #165: 23 1 1 1 1 1 1 1 1 1 1 1 1 1 1 1 2 2 3 3 3 3 3 7 
Case #166: 23 1 1 1 1 1 1 1 1 1 1 1 2 2 2 2 2 2 2 2 2 2 3 7 
Case #167: 21 1 1 1 1 1 1 1 1 1 1 1 2 2 3 3 3 3 3 3 3 5 
Case #168: 28 1 1 1 1 1 1 1 1 1 1 1 1 1 1 1 1 1 1 1 1 1 1 1 1 1 2 7 7 
Case #169: 17 1 1 1 1 1 1 1 2 2 2 2 2 2 3 5 7 7 
Case #170: 12 1 1 1 1 1 2 2 2 3 7 7 13 
Case #171: 20 1 1 1 1 1 1 1 2 2 2 2 2 3 3 3 3 3 3 3 3 
Case #172: 20 1 1 1 1 1 2 2 2 2 2 2 2 2 2 2 2 2 2 3 7 
Case #173: 10 1 1 1 1 1 1 1 1 2 31 
Case #174: 10 1 1 2 2 2 2 2 3 7 19 
Case #175: 20 1 1 1 1 1 1 1 1 1 1 2 3 3 3 3 3 3 3 3 5 
Case #176: 21 1 1 1 1 1 1 1 1 1 1 1 1 1 1 1 1 1 1 1 3 19 
Case #177: 16 1 1 1 1 1 1 1 1 1 1 1 2 3 3 5 17 
Case #178: 30 1 1 1 1 1 1 1 1 1 1 1 1 1 1 1 1 1 1 1 1 1 1 1 1 2 2 2 2 2 7 
Case #179: 20 1 1 1 1 1 1 1 2 2 2 2 2 2 2 3 3 3 3 3 5 
Case #180: 15 1 1 1 1 2 2 2 2 2 2 3 5 5 5 7 
Case #181: 19 1 1 1 1 1 1 1 1 1 1 2 2 3 3 3 3 3 5 7 
Case #182: 14 1 1 1 1 1 1 2 2 2 3 3 3 7 13 
Case #183: 17 1 1 1 1 2 2 2 2 2 2 2 2 2 2 3 7 7 
Case #184: 21 1 1 1 1 1 1 1 1 1 1 1 1 1 1 1 1 1 1 1 5 17 
Case #185: -1
Case #186: 15 1 1 1 1 1 2 2 2 2 2 2 2 2 3 17 
Case #187: 17 1 1 1 1 1 2 2 2 2 2 2 2 2 3 3 3 11 
Case #188: 20 1 1 1 1 1 1 1 1 1 1 1 1 1 1 2 2 2 3 7 11 
Case #189: -1
Case #190: 26 1 1 1 1 1 1 1 1 1 1 1 1 1 1 2 2 2 2 2 2 2 2 2 2 2 5 
Case #191: 22 1 1 1 1 1 1 1 1 1 1 1 1 1 1 1 2 2 2 5 5 5 5 
Case #192: 18 1 1 1 1 1 1 1 1 1 2 2 2 2 2 3 3 3 13 
Case #193: 39 1 1 1 1 1 1 1 1 1 1 1 1 1 1 1 1 1 1 1 1 1 1 1 1 1 1 1 1 1 1 1 1 1 1 1 1 1 1 3 
Case #194: 21 1 1 1 1 1 1 1 1 1 1 1 2 2 2 2 3 3 3 3 5 5 
Case #195: 32 1 1 1 1 1 1 1 1 1 1 1 1 1 1 1 1 1 1 1 1 1 1 1 1 1 1 2 2 2 3 3 3 
Case #196: 34 1 1 1 1 1 1 1 1 1 1 1 1 1 1 1 1 1 1 1 1 1 1 1 1 1 1 1 1 1 1 2 3 3 3 
Case #197: 26 1 1 1 1 1 1 1 1 1 1 1 1 1 1 1 2 2 2 2 2 2 2 2 2 3 5 
Case #198: 11 1 1 2 2 2 2 2 2 3 5 19 
Case #199: 25 1 1 1 1 1 1 1 1 1 1 1 1 1 1 1 1 1 2 2 2 2 3 3 3 7 
Case #200: 16 1 1 1 2 2 2 2 2 2 2 2 2 3 5 5 7 
Case #201: 14 1 1 1 2 3 3 3 3 3 3 3 5 5 5 
Case #202: -1
Case #203: 20 1 1 1 1 2 2 2 2 2 2 2 2 2 2 2 2 2 3 3 5 
Case #204: 35 1 1 1 1 1 1 1 1 1 1 1 1 1 1 1 1 1 1 1 1 1 1 1 1 1 1 1 1 1 1 1 2 2 3 3 
Case #205: 34 1 1 1 1 1 1 1 1 1 1 1 1 1 1 1 1 1 1 1 1 1 1 1 1 1 1 1 1 1 1 2 2 2 5 
Case #206: 24 1 1 1 1 1 1 1 1 1 1 1 1 1 1 1 2 2 2 2 2 3 3 5 5 
Case #207: 12 1 1 2 2 2 2 2 2 2 3 5 17 
Case #208: 16 1 1 1 1 1 1 1 1 1 2 2 2 2 2 3 19 
Case #209: 31 1 1 1 1 1 1 1 1 1 1 1 1 1 1 1 1 1 1 1 1 1 1 1 1 1 1 1 1 1 5 7 
Case #210: 9 1 1 1 1 1 1 2 2 31 
Case #211: 12 1 1 1 2 2 2 2 2 3 3 5 17 
Case #212: 19 1 1 1 1 1 2 2 2 2 2 2 2 2 3 3 3 3 3 5 
Case #213: -1
Case #214: 23 1 1 1 1 1 1 1 1 1 1 1 1 1 1 2 2 2 2 2 2 3 5 7 
Case #215: 15 1 1 1 1 1 2 2 2 2 3 3 3 3 3 13 
Case #216: 26 1 1 1 1 1 1 1 1 1 1 1 1 1 1 1 1 1 1 1 2 2 2 3 3 3 7 
Case #217: 18 1 1 1 1 1 1 2 2 2 2 2 3 3 3 3 3 5 5 
Case #218: -1
Case #219: 17 1 1 1 1 1 1 1 2 2 2 2 3 3 3 5 5 7 
Case #220: -1
Case #221: 28 1 1 1 1 1 1 1 1 1 1 1 1 1 1 1 1 1 1 1 1 1 1 2 2 2 3 3 7 
Case #222: -1
Case #223: 25 1 1 1 1 1 1 1 1 1 1 1 1 1 1 1 1 1 1 1 3 3 3 3 5 5 
Case #224: 14 1 1 1 1 1 2 2 2 2 2 5 7 7 7 
Case #225: 17 1 1 1 1 1 1 1 1 1 1 1 2 2 3 3 3 17 
Case #226: 13 1 1 1 1 2 2 2 2 2 2 5 7 13 
Case #227: 24 1 1 1 1 1 1 1 1 1 1 1 1 1 1 1 1 1 2 2 2 2 2 3 11 
Case #228: -1
Case #229: 17 1 1 1 1 1 1 2 2 2 2 3 3 3 3 5 5 5 
Case #230: 10 1 1 1 1 2 3 3 5 7 17 
Case #231: 18 1 1 1 1 1 1 1 1 1 1 1 2 3 3 5 5 5 7 
Case #232: 29 1 1 1 1 1 1 1 1 1 1 1 1 1 1 1 1 1 1 1 1 1 1 2 2 2 2 2 2 7 
Case #233: 29 1 1 1 1 1 1 1 1 1 1 1 1 1 1 1 1 1 1 1 1 1 1 1 1 1 3 3 3 7 
Case #234: -1
Case #235: 27 1 1 1 1 1 1 1 1 1 1 1 1 1 1 1 1 1 1 1 1 1 1 1 1 1 5 11 
Case #236: 23 1 1 1 1 1 1 1 1 1 1 1 1 1 2 2 2 2 3 3 3 3 3 5 
Case #237: 24 1 1 1 1 1 1 1 1 1 1 1 1 1 1 1 1 1 2 2 2 3 5 5 5 
Case #238: -1
Case #239: 27 1 1 1 1 1 1 1 1 1 1 1 1 1 1 1 1 1 1 1 1 1 1 1 1 2 2 13 
Case #240: -1
Case #241: 23 1 1 1 1 1 1 1 1 1 1 1 1 1 1 1 1 2 2 3 3 3 5 7 
Case #242: 22 1 1 1 1 1 1 2 2 2 2 2 2 2 2 2 2 2 2 2 2 2 5 
Case #243: 13 1 1 1 1 2 2 2 2 2 2 3 5 17 
Case #244: 26 1 1 1 1 1 1 1 1 1 1 1 1 2 2 2 2 2 2 2 2 2 2 2 2 2 3 
Case #245: 30 1 1 1 1 1 1 1 1 1 1 1 1 1 1 1 1 1 1 1 1 1 1 1 1 1 1 2 3 3 7 
Case #246: 11 1 1 2 2 2 2 3 5 5 7 11 
Case #247: 25 1 1 1 1 1 1 1 1 1 1 1 1 1 1 1 1 1 2 2 2 2 3 3 5 5 
Case #248: 28 1 1 1 1 1 1 1 1 1 1 1 1 1 1 1 1 1 1 1 1 1 1 2 3 3 3 3 5 
Case #249: 28 1 1 1 1 1 1 1 1 1 1 1 1 1 1 1 1 1 1 1 1 1 2 2 2 2 2 3 7 
Case #250: 13 1 1 1 1 1 1 2 2 3 3 5 7 13 
Case #251: -1
Case #252: 31 1 1 1 1 1 1 1 1 1 1 1 1 1 1 1 1 1 1 1 1 1 1 1 1 1 1 1 1 3 3 7 
Case #253: -1
Case #254: -1
Case #255: 19 1 1 1 1 1 1 1 1 1 2 2 3 3 3 3 3 3 5 5 
Case #256: 24 1 1 1 1 1 1 1 1 1 1 1 1 1 1 1 1 1 1 2 2 2 3 3 11 
Case #257: 18 1 1 1 1 1 1 1 1 1 1 2 3 3 3 5 5 5 5 
Case #258: 18 1 1 1 1 1 1 1 2 2 2 2 2 2 2 3 5 5 7 
Case #259: 19 1 1 1 1 1 1 1 2 2 2 2 2 2 3 3 3 3 5 5 
Case #260: 13 1 1 1 1 1 1 2 2 2 2 3 5 19 
Case #261: 24 1 1 1 1 1 1 1 1 1 1 1 1 1 1 1 1 1 2 3 3 3 3 5 5 
Case #262: 16 1 1 2 2 2 2 2 2 2 2 2 2 2 3 7 7 
Case #263: 13 1 1 1 1 1 2 2 3 3 3 5 7 11 
Case #264: 18 1 1 1 2 2 2 2 2 2 2 2 2 2 2 3 3 5 5 
Case #265: 18 1 1 1 1 1 1 1 2 2 2 3 3 3 3 3 3 5 5 
Case #266: 17 1 1 1 1 1 1 1 1 1 1 1 1 1 1 2 2 23 
Case #267: 19 1 1 1 1 1 1 1 2 2 2 2 3 3 3 3 3 3 3 5 
Case #268: 28 1 1 1 1 1 1 1 1 1 1 1 1 1 1 1 1 1 1 1 1 1 1 1 1 1 2 3 11 
Case #269: 17 1 1 1 1 1 1 1 1 2 2 2 2 3 3 5 7 7 
Case #270: 18 1 1 1 1 1 1 1 1 2 2 2 2 2 3 5 5 5 5 
Case #271: 18 1 1 1 1 2 2 2 2 2 2 2 2 2 2 2 3 5 7 
Case #272: 14 1 1 1 1 1 2 2 2 3 3 3 5 5 11 
Case #273: 24 1 1 1 1 1 1 1 1 1 1 1 1 1 1 2 2 2 2 2 3 3 3 3 5 
Case #274: 18 1 1 1 1 1 1 1 1 1 1 1 2 2 2 3 3 5 13 
Case #275: 25 1 1 1 1 1 1 1 1 1 1 1 1 1 1 1 1 1 1 1 1 2 2 5 5 7 
Case #276: 14 1 1 1 1 2 2 2 2 2 3 3 3 7 11 
Case #277: 21 1 1 1 1 1 1 1 1 1 2 2 2 2 2 2 2 2 3 3 5 5 
Case #278: 10 1 1 1 1 2 3 3 5 11 13 
Case #279: 21 1 1 1 1 1 1 1 1 1 1 1 1 1 1 1 3 3 5 5 5 5 
Case #280: 5 1 1 1 19 19 
Case #281: 17 1 1 1 1 1 1 1 1 1 1 2 2 2 2 5 5 13 
Case #282: 26 1 1 1 1 1 1 1 1 1 1 1 1 1 1 1 1 2 2 2 2 2 2 2 3 3 5 
Case #283: 14 1 1 1 1 1 1 1 2 3 3 5 5 5 11 
Case #284: 14 1 1 1 1 1 2 2 2 2 2 3 5 5 13 
Case #285: 16 1 1 1 1 1 1 1 2 2 2 3 3 3 5 7 7 
Case #286: 29 1 1 1 1 1 1 1 1 1 1 1 1 1 1 1 1 1 1 1 1 2 2 2 2 2 2 3 3 3 
Case #287: 23 1 1 1 1 1 1 1 1 1 1 1 1 2 2 2 2 2 2 2 2 3 5 5 
Case #288: -1
Case #289: 18 1 1 1 1 1 1 1 1 1 2 3 3 3 3 3 3 5 7 
Case #290: 14 1 1 1 1 1 1 1 2 2 2 5 5 7 11 
Case #291: -1
Case #292: 25 1 1 1 1 1 1 1 1 1 1 1 1 1 1 1 1 1 1 2 2 3 3 3 3 7 
Case #293: 16 1 1 1 1 1 1 1 1 1 2 2 2 3 5 7 11 
Case #294: 17 1 1 1 1 1 1 2 2 2 2 2 2 3 3 5 5 7 
Case #295: 25 1 1 1 1 1 1 1 1 1 1 1 1 1 1 1 1 1 1 1 1 1 1 3 3 13 
Case #296: 24 1 1 1 1 1 1 1 1 1 1 1 1 1 2 2 2 2 2 2 2 2 2 5 5 
Case #297: 22 1 1 1 1 1 1 1 1 1 1 1 1 2 2 2 3 3 3 3 3 3 5 
Case #298: -1
Case #299: -1
Case #300: 23 1 1 1 1 1 1 1 1 1 1 1 1 1 1 1 1 2 2 2 2 3 3 11 
Case #301: -1
Case #302: 18 1 1 1 1 1 1 1 1 1 1 2 2 2 3 3 5 7 7 
Case #303: 23 1 1 1 1 1 1 1 1 1 1 1 1 1 2 2 2 2 2 2 3 3 5 5 
Case #304: 25 1 1 1 1 1 1 1 1 1 1 1 1 1 1 1 2 2 2 2 2 2 2 2 3 7 
Case #305: 20 1 1 2 2 2 2 2 2 2 2 2 2 2 2 2 2 2 2 2 5 
Case #306: 24 1 1 1 1 1 1 1 1 1 1 1 1 2 2 2 2 2 2 2 2 2 3 3 5 
Case #307: 40 1 1 1 1 1 1 1 1 1 1 1 1 1 1 1 1 1 1 1 1 1 1 1 1 1 1 1 1 1 1 1 1 1 1 1 1 1 1 1 2 
Case #308: 28 1 1 1 1 1 1 1 1 1 1 1 1 1 1 1 1 1 1 1 1 1 1 1 1 2 2 2 11 
Case #309: 18 1 1 1 1 2 2 2 2 2 2 2 3 3 3 3 3 3 5 
Case #310: 22 1 1 1 1 1 1 1 1 1 1 2 2 2 2 2 2 2 3 3 3 3 5 
Case #311: 13 1 1 1 1 1 2 2 2 2 3 3 11 11 
Case #312: 22 1 1 1 1 1 1 1 1 1 1 1 1 1 1 1 1 1 1 1 2 3 17 
Case #313: 27 1 1 1 1 1 1 1 1 1 1 1 1 1 1 1 1 1 1 1 1 1 1 1 1 3 3 11 
Case #314: 11 1 1 2 2 2 2 2 2 3 11 13 
Case #315: -1
Case #316: 17 1 1 1 1 2 2 2 2 2 2 2 2 3 3 5 5 5 
Case #317: 21 1 1 1 1 1 1 1 1 1 1 2 2 2 2 3 3 3 3 3 3 5 
Case #318: 15 1 1 1 1 1 2 2 3 3 3 3 3 5 5 7 
Case #319: 17 1 1 1 1 1 1 1 1 2 2 2 2 5 5 5 5 5 
Case #320: -1
Case #321: 17 1 1 1 2 2 2 2 2 2 3 3 3 3 3 3 3 5 
Case #322: 24 1 1 1 1 1 1 1 1 1 1 1 1 1 1 2 2 2 2 2 2 2 3 3 7 
Case #323: 26 1 1 1 1 1 1 1 1 1 1 1 1 1 1 1 1 1 1 1 1 1 1 1 2 3 13 
Case #324: -1
Case #325: 34 1 1 1 1 1 1 1 1 1 1 1 1 1 1 1 1 1 1 1 1 1 1 1 1 1 1 1 1 1 2 2 2 3 3 
Case #326: 22 1 1 1 1 1 1 1 1 1 1 1 1 1 1 1 2 2 2 3 5 5 7 
Case #327: 26 1 1 1 1 1 1 1 1 1 1 1 1 1 1 1 1 1 1 2 3 3 3 3 3 3 3 
Case #328: -1
Case #329: 21 1 1 1 1 1 1 1 1 1 1 2 2 2 2 2 2 2 2 3 5 7 
Case #330: -1
Case #331: -1
Case #332: 25 1 1 1 1 1 1 1 1 1 1 1 1 1 1 1 1 1 1 2 2 2 2 3 5 7 
Case #333: 34 1 1 1 1 1 1 1 1 1 1 1 1 1 1 1 1 1 1 1 1 1 1 1 1 1 1 1 1 2 2 2 2 2 3 
Case #334: 20 1 1 1 1 1 1 2 2 2 2 2 2 2 2 2 2 2 3 5 5 
Case #335: 11 1 1 1 1 1 2 2 3 3 7 19 
Case #336: -1
Case #337: 16 1 1 1 1 2 2 2 2 2 2 2 3 3 3 7 7 
Case #338: -1
Case #339: 19 1 1 1 1 1 1 1 1 1 1 2 2 2 2 3 3 3 7 7 
Case #340: 22 1 1 1 1 1 1 1 1 1 1 1 1 2 2 2 2 2 2 2 5 5 5 
Case #341: -1
Case #342: -1
Case #343: -1
Case #344: 3 5 17 19 
Case #345: 11 1 1 1 1 2 2 2 2 3 3 23 
Case #346: 17 1 1 1 1 1 1 1 1 1 2 2 2 2 3 7 7 7 
Case #347: 20 1 1 1 1 1 1 1 1 1 1 1 2 2 2 3 3 3 3 5 7 
Case #348: 15 1 1 1 1 1 2 2 2 2 3 3 3 3 5 11 
Case #349: 10 1 1 1 1 2 3 3 5 5 19 
Case #350: 23 1 1 1 1 1 1 1 2 2 2 2 2 2 2 2 2 2 2 2 2 2 3 3 
Case #351: 11 1 1 1 2 2 2 2 3 3 11 13 
Case #352: 17 1 1 1 1 1 1 1 2 2 2 2 3 3 3 3 7 7 
Case #353: -1
Case #354: 20 1 1 1 1 1 1 1 1 1 1 1 1 1 2 3 3 3 3 3 11 
Case #355: 22 1 1 1 1 1 1 1 1 1 1 1 1 1 1 2 2 2 2 2 5 5 7 
Case #356: 29 1 1 1 1 1 1 1 1 1 1 1 1 1 1 1 1 1 1 2 2 2 2 2 2 2 2 2 2 3 
Case #357: 20 1 1 1 1 1 1 1 1 1 1 1 2 2 2 2 2 3 3 3 11 
Case #358: 22 1 1 1 1 1 1 1 1 1 1 1 1 1 1 2 2 2 2 2 3 3 11 
Case #359: 31 1 1 1 1 1 1 1 1 1 1 1 1 1 1 1 1 1 1 1 1 1 1 1 2 2 2 2 2 2 3 3 
Case #360: 15 1 1 1 1 2 2 2 2 2 2 2 2 3 7 11 
Case #361: -1
Case #362: 16 1 1 1 1 2 2 2 2 2 3 3 3 3 5 5 5 
Case #363: 14 1 1 1 1 1 2 2 2 3 5 5 5 5 7 
Case #364: 22 1 1 1 1 1 1 1 1 1 1 1 1 1 2 2 2 2 2 3 5 5 5 
Case #365: 27 1 1 1 1 1 1 1 1 1 1 1 1 1 1 1 1 1 1 1 1 1 1 2 2 3 5 7 
Case #366: 31 1 1 1 1 1 1 1 1 1 1 1 1 1 1 1 1 1 1 1 1 1 1 1 1 1 1 1 2 2 3 7 
Case #367: -1
Case #368: -1
Case #369: 14 1 1 1 1 1 2 2 2 2 2 3 3 3 17 
Case #370: 20 1 1 1 1 1 1 1 1 1 1 2 2 2 2 2 2 2 3 3 11 
Case #371: 31 1 1 1 1 1 1 1 1 1 1 1 1 1 1 1 1 1 1 1 1 1 1 1 1 1 1 2 2 3 3 5 
Case #372: 15 1 1 1 1 1 1 1 2 2 2 2 3 5 7 11 
Case #373: 17 1 1 1 1 1 1 1 1 1 1 2 2 3 3 5 5 11 
Case #374: 13 1 1 1 1 2 2 2 2 2 2 3 11 11 
Case #375: 21 1 1 1 1 1 1 1 1 1 1 2 2 2 2 2 2 3 3 3 5 5 
Case #376: 20 1 1 1 1 1 1 1 1 1 1 1 1 1 2 2 2 3 3 5 11 
Case #377: 23 1 1 1 1 1 1 1 1 1 1 2 2 2 2 2 2 2 2 2 2 3 3 5 
Case #378: 21 1 1 1 1 1 1 1 1 1 1 1 2 2 2 2 2 2 3 5 5 5 
Case #379: -1
Case #380: 15 1 1 1 1 1 1 1 1 1 1 1 1 1 5 23 
Case #381: 16 1 1 1 1 1 2 2 2 2 2 3 3 3 3 7 7 
Case #382: -1
Case #383: 24 1 1 1 1 1 1 1 1 1 1 1 1 1 2 2 2 2 2 2 2 2 2 3 7 
Case #384: 32 1 1 1 1 1 1 1 1 1 1 1 1 1 1 1 1 1 1 1 1 1 1 1 1 1 1 1 1 1 2 3 7 
Case #385: 23 1 1 1 1 1 1 1 1 1 1 1 1 1 1 1 1 1 1 2 2 3 5 11 
Case #386: 37 1 1 1 1 1 1 1 1 1 1 1 1 1 1 1 1 1 1 1 1 1 1 1 1 1 1 1 1 1 1 1 1 1 1 1 1 5 
Case #387: -1
Case #388: 22 1 1 1 1 1 1 1 1 1 1 1 2 2 2 2 2 3 3 3 3 3 5 
Case #389: 21 1 1 1 1 1 1 1 1 2 2 2 2 2 2 2 2 3 3 3 3 5 
Case #390: 21 1 1 1 1 1 1 1 2 2 2 2 2 2 2 2 2 2 3 3 3 5 
Case #391: 20 1 1 1 1 1 1 1 1 1 1 1 1 1 1 2 3 5 5 5 7 
Case #392: 24 1 1 1 1 1 1 1 1 1 1 2 2 2 2 2 2 2 2 2 2 2 3 3 3 
Case #393: 15 1 1 1 1 1 1 2 2 2 2 3 3 5 5 11 
Case #394: 17 1 1 1 1 1 2 2 2 2 2 2 2 2 2 2 3 13 
Case #395: 9 1 1 2 2 2 2 3 11 17 
Case #396: 24 1 1 1 1 1 1 1 1 1 1 1 1 1 1 1 1 2 2 2 3 3 3 3 7 
Case #397: -1
Case #398: 15 1 1 1 1 1 1 1 1 1 2 2 2 2 7 17 
Case #399: 15 1 1 1 1 1 1 1 1 2 2 2 2 7 7 11 
Case #400: -1
Case #401: 25 1 1 1 1 1 1 1 1 1 1 1 1 1 1 1 1 1 1 1 2 2 3 5 5 5 
Case #402: 38 1 1 1 1 1 1 1 1 1 1 1 1 1 1 1 1 1 1 1 1 1 1 1 1 1 1 1 1 1 1 1 1 1 1 1 1 2 3 
Case #403: 20 1 1 1 1 1 1 1 1 1 2 2 2 2 2 2 2 3 5 5 5 
Case #404: 18 1 1 1 1 1 2 2 2 2 2 3 3 3 3 3 3 3 5 
Case #405: 19 1 1 1 1 1 1 1 2 2 2 2 2 2 2 2 3 3 5 7 
Case #406: 8 1 1 1 2 2 2 3 29 
Case #407: 37 1 1 1 1 1 1 1 1 1 1 1 1 1 1 1 1 1 1 1 1 1 1 1 1 1 1 1 1 1 1 1 1 1 2 2 2 2 
Case #408: 18 1 1 1 1 1 1 1 1 1 1 1 2 3 3 3 5 7 7 
Case #409: 20 1 1 1 1 1 1 1 1 1 2 2 2 2 2 3 3 3 3 5 5 
Case #410: 12 1 1 1 1 2 3 3 5 5 5 7 7 
Case #411: -1
Case #412: 16 1 1 1 1 1 2 2 2 2 2 3 3 3 5 5 7 
Case #413: 16 1 1 1 1 1 1 1 1 2 2 2 3 3 3 5 13 
Case #414: 18 1 1 1 1 1 2 2 2 2 2 2 2 3 3 3 3 5 5 
Case #415: 17 1 1 1 1 1 1 1 1 2 2 2 2 3 5 5 5 7 
Case #416: 18 1 1 1 1 1 2 2 2 2 2 2 2 2 2 3 5 5 5 
Case #417: -1
Case #418: 18 1 1 1 1 1 1 1 1 1 1 2 2 2 2 2 3 7 11 
Case #419: 33 1 1 1 1 1 1 1 1 1 1 1 1 1 1 1 1 1 1 1 1 1 1 1 1 1 1 1 1 2 2 3 3 3 
Case #420: 19 1 1 1 1 1 1 2 2 2 2 3 3 3 3 3 3 3 3 3 
Case #421: 18 1 1 1 1 1 1 1 2 2 2 2 2 2 2 3 3 3 11 
Case #422: 18 1 1 1 1 1 1 1 1 2 2 2 2 2 3 3 5 5 7 
Case #423: 35 1 1 1 1 1 1 1 1 1 1 1 1 1 1 1 1 1 1 1 1 1 1 1 1 1 1 1 1 1 1 2 2 2 2 3 
Case #424: 10 1 1 1 2 3 3 3 5 5 17 
Case #425: 15 1 1 1 2 2 2 2 3 3 3 3 3 5 5 5 
Case #426: 17 1 1 1 1 1 1 1 1 2 2 2 2 2 2 7 7 7 
Case #427: 14 1 1 1 1 1 1 2 3 3 3 3 5 5 11 
Case #428: 16 1 1 1 1 1 1 1 2 3 3 3 3 3 5 5 7 
Case #429: 23 1 1 1 1 1 1 1 1 1 1 1 1 1 1 2 2 2 2 3 3 3 5 5 
Case #430: 21 1 1 1 1 1 1 1 1 1 1 1 1 2 2 2 2 3 3 3 5 7 
Case #431: 11 1 1 2 2 2 2 2 2 3 7 17 
Case #432: 17 1 1 1 1 1 1 1 2 2 3 3 3 3 3 3 5 7 
Case #433: -1
Case #434: 27 1 1 1 1 1 1 1 1 1 1 1 1 1 1 1 1 2 2 2 2 2 2 2 2 2 2 5 
Case #435: 31 1 1 1 1 1 1 1 1 1 1 1 1 1 1 1 1 1 1 1 1 1 1 2 2 2 2 2 2 2 2 3 
Case #436: 19 1 1 1 1 1 1 1 1 1 2 2 2 2 3 3 3 5 5 5 
Case #437: 24 1 1 1 1 1 1 1 1 1 1 1 1 2 2 2 2 2 2 2 2 2 2 2 7 
Case #438: -1
Case #439: 19 1 1 1 1 1 1 1 1 1 1 1 1 1 1 1 1 1 5 19 
Case #440: 16 1 1 1 1 1 1 2 2 2 2 2 3 5 5 5 7 
Case #441: 35 1 1 1 1 1 1 1 1 1 1 1 1 1 1 1 1 1 1 1 1 1 1 1 1 1 1 1 1 1 1 1 1 1 1 7 
Case #442: 16 1 1 1 1 1 2 2 2 2 2 3 3 5 5 5 5 
Case #443: 7 1 1 1 5 7 7 19 
Case #444: 7 1 1 1 5 5 11 17 
Case #445: 14 1 1 1 1 2 2 2 2 2 3 3 5 5 11 
Case #446: 20 1 1 1 1 1 1 1 1 1 1 1 1 1 2 3 3 3 3 7 7 
Case #447: 17 1 1 1 1 1 1 1 1 2 2 2 2 3 3 3 5 11 
Case #448: 33 1 1 1 1 1 1 1 1 1 1 1 1 1 1 1 1 1 1 1 1 1 1 1 1 1 1 1 1 1 1 2 2 7 
Case #449: -1
Case #450: -1
Case #451: 18 1 1 1 1 1 1 1 1 1 1 1 1 1 1 1 1 2 23 
Case #452: 26 1 1 1 1 1 1 1 1 1 1 1 1 1 1 1 1 2 2 2 2 2 2 2 2 2 7 
Case #453: 19 1 1 1 1 1 1 1 1 2 2 2 2 3 3 3 3 3 3 7 
Case #454: 15 1 1 1 1 2 2 3 3 3 3 3 3 5 5 5 
Case #455: 18 1 1 1 1 1 1 2 2 2 3 3 3 3 3 3 3 3 5 
Case #456: 29 1 1 1 1 1 1 1 1 1 1 1 1 1 1 1 1 1 1 1 1 1 1 1 1 1 1 1 7 7 
Case #457: 25 1 1 1 1 1 1 1 1 1 2 2 2 2 2 2 2 2 2 2 2 2 2 2 2 2 
Case #458: 16 1 1 1 1 1 1 2 2 2 2 2 3 3 3 3 13 
Case #459: -1
Case #460: 21 1 1 1 1 1 1 1 1 1 1 1 1 1 1 1 1 1 1 2 2 19 
Case #461: 16 1 1 1 1 1 2 2 2 3 3 3 3 3 3 5 7 
Case #462: 23 1 1 1 1 1 1 1 1 1 1 1 1 1 1 1 1 1 1 1 1 1 3 17 
Case #463: -1
Case #464: -1
Case #465: 27 1 1 1 1 1 1 1 1 1 1 1 1 1 1 1 1 1 1 1 1 1 1 3 3 3 3 7 
Case #466: 36 1 1 1 1 1 1 1 1 1 1 1 1 1 1 1 1 1 1 1 1 1 1 1 1 1 1 1 1 1 1 1 2 2 2 2 2 
Case #467: 23 1 1 1 1 1 1 1 1 1 1 1 1 2 2 2 2 2 2 2 2 3 3 7 
Case #468: 17 1 1 1 1 2 2 2 2 2 2 2 2 3 3 3 5 7 
Case #469: 15 1 1 1 1 1 2 2 3 3 3 3 3 3 7 7 
Case #470: -1
Case #471: 17 1 1 1 2 2 2 2 2 2 2 2 2 2 3 3 5 7 
Case #472: -1
Case #473: 27 1 1 1 1 1 1 1 1 1 1 1 1 1 1 1 1 1 1 1 2 2 2 2 3 3 3 5 
Case #474: 19 1 1 1 1 1 2 2 2 2 2 2 2 2 2 2 3 3 3 7 
Case #475: 25 1 1 1 1 1 1 1 1 1 1 1 1 1 1 1 1 1 1 1 1 1 1 1 5 13 
Case #476: 24 1 1 1 1 1 1 1 1 1 1 1 2 2 2 2 2 2 2 2 2 2 2 3 5 
Case #477: 21 1 1 1 1 1 1 2 2 2 2 2 2 2 2 2 2 2 2 3 3 5 
Case #478: 8 1 1 2 2 2 3 7 23 
Case #479: 20 1 1 1 1 1 1 2 2 2 2 2 2 2 3 3 3 3 3 3 3 
Case #480: -1
Case #481: 15 1 1 1 1 2 2 2 2 2 2 5 5 5 5 5 
Case #482: 16 1 1 1 1 1 1 1 1 1 1 2 2 2 7 7 11 
Case #483: 15 1 1 1 1 1 1 1 1 2 2 3 3 5 7 11 
Case #484: 17 1 1 1 1 1 1 1 1 1 1 1 1 1 1 1 3 23 
Case #485: 17 1 1 1 1 1 2 2 2 2 3 3 3 3 3 3 5 5 
Case #486: 13 1 1 1 1 1 2 2 3 3 5 7 7 7 
Case #487: 23 1 1 1 1 1 1 1 1 1 1 1 2 2 2 2 2 2 2 2 3 3 3 5 
Case #488: 20 1 1 1 1 1 1 1 1 2 2 2 2 2 3 3 3 3 3 3 5 
Case #489: 20 1 1 1 1 1 1 1 1 2 2 2 3 3 3 3 3 3 3 3 3 
Case #490: -1
Case #491: 20 1 1 1 1 1 1 1 1 2 2 2 2 2 2 2 3 3 3 5 5 
Case #492: 19 1 1 1 1 1 2 2 2 2 2 2 2 2 2 2 3 3 5 5 
Case #493: -1
Case #494: -1
Case #495: 18 1 1 1 1 1 1 1 1 2 2 2 2 2 3 3 3 7 7 
Case #496: 27 1 1 1 1 1 1 1 1 1 1 1 1 1 1 1 1 1 1 1 1 2 2 3 3 3 3 5 
Case #497: -1
Case #498: 33 1 1 1 1 1 1 1 1 1 1 1 1 1 1 1 1 1 1 1 1 1 1 1 1 1 1 1 1 2 2 2 2 5 
Case #499: -1
Case #500: -1
Case #501: 17 1 1 1 1 1 2 2 2 2 2 2 3 3 3 3 5 7 
Case #502: 18 1 1 1 1 1 1 1 2 3 3 3 3 3 3 3 3 3 5 
Case #503: 16 1 1 1 1 1 2 2 2 2 2 2 2 5 5 5 7 
Case #504: 17 1 1 1 1 1 1 1 1 1 1 2 2 3 3 7 7 7 
Case #505: 17 1 1 2 2 2 2 2 2 2 2 2 2 2 2 3 5 7 
Case #506: 24 1 1 1 1 1 1 1 1 1 1 1 1 1 1 2 2 2 2 2 2 2 3 5 5 
Case #507: 17 1 1 1 1 1 1 1 1 1 1 1 2 2 3 5 7 11 
Case #508: -1
Case #509: 13 1 1 1 1 1 1 2 2 5 5 7 7 7 
Case #510: 16 1 1 1 1 1 2 2 2 2 2 2 2 3 3 3 13 
Case #511: 26 1 1 1 1 1 1 1 1 1 1 1 1 1 1 1 1 1 1 2 2 2 2 2 3 3 7 
Case #512: 15 1 1 1 1 1 2 2 2 2 3 5 5 5 5 5 
Case #513: 22 1 1 1 1 1 1 1 1 2 2 2 2 2 2 2 2 2 2 2 2 2 7 
Case #514: 16 1 1 1 1 1 1 2 2 2 3 3 3 5 5 5 5 
Case #515: 21 1 1 1 1 1 1 1 1 1 2 2 2 2 3 3 3 3 3 3 3 3 
Case #516: 12 1 1 1 2 2 2 2 2 3 3 11 11 
Case #517: 13 1 1 1 1 1 2 2 2 2 3 5 7 13 
Case #518: 22 1 1 1 1 1 1 1 1 1 1 1 1 1 1 2 2 2 2 2 3 7 7 
Case #519: 18 1 1 1 1 1 1 2 2 2 2 2 2 2 3 3 5 5 5 
Case #520: 21 1 1 1 1 1 1 2 2 2 2 2 2 2 2 2 2 2 2 2 2 7 
Case #521: 14 1 1 1 2 2 2 2 2 3 3 3 5 7 7 
Case #522: 27 1 1 1 1 1 1 1 1 1 1 1 1 1 1 2 2 2 2 2 2 2 2 2 2 2 2 3 
Case #523: 10 1 1 2 2 2 3 5 5 7 13 
Case #524: 26 1 1 1 1 1 1 1 1 1 1 1 1 1 1 1 1 1 1 1 2 2 2 3 3 5 5 
Case #525: 14 1 1 1 2 2 2 2 2 3 3 3 3 5 11 
Case #526: 31 1 1 1 1 1 1 1 1 1 1 1 1 1 1 1 1 1 1 1 1 1 1 1 1 1 1 1 3 3 3 5 
Case #527: -1
Case #528: -1
Case #529: -1
Case #530: 26 1 1 1 1 1 1 1 1 1 1 1 1 1 1 1 1 1 1 1 1 1 1 1 2 5 11 
Case #531: 20 1 1 1 1 1 1 1 1 1 1 1 1 1 1 1 2 3 3 7 11 
Case #532: 18 1 1 1 1 2 2 2 2 2 2 2 2 2 2 2 5 5 5 
Case #533: -1
Case #534: -1
Case #535: -1
Case #536: 24 1 1 1 1 1 1 1 1 1 1 1 1 1 2 2 2 2 2 2 2 3 3 3 5 
Case #537: -1
Case #538: 33 1 1 1 1 1 1 1 1 1 1 1 1 1 1 1 1 1 1 1 1 1 1 1 1 1 1 1 1 1 2 2 3 5 
Case #539: 26 1 1 1 1 1 1 1 1 1 1 1 1 1 1 2 2 2 2 2 2 2 2 2 3 3 3 
Case #540: -1
Case #541: 20 1 1 1 1 1 1 1 1 1 1 1 1 1 1 1 1 1 2 5 17 
Case #542: 13 1 1 1 1 1 1 2 2 3 3 3 5 17 
Case #543: 34 1 1 1 1 1 1 1 1 1 1 1 1 1 1 1 1 1 1 1 1 1 1 1 1 1 1 1 1 1 1 1 2 3 5 
Case #544: 18 1 1 1 2 2 2 2 2 2 2 2 2 3 3 3 3 3 5 
Case #545: 16 1 1 1 1 1 1 2 2 2 2 2 3 3 5 7 7 
Case #546: 15 1 1 1 1 1 1 1 1 2 2 2 2 3 3 19 
Case #547: 5 1 1 1 1 37 
Case #548: 19 1 1 1 1 1 1 1 1 1 2 2 2 2 2 2 3 5 5 7 
Case #549: -1
Case #550: 22 1 1 1 1 1 1 1 1 1 1 1 1 1 2 2 2 3 3 3 3 5 5 
Case #551: 21 1 1 1 1 1 1 1 1 1 1 1 1 3 3 3 3 3 3 3 3 5 
Case #552: 16 1 1 1 2 2 2 2 2 2 2 3 3 3 5 5 5 
Case #553: 12 1 1 1 1 2 2 2 3 7 7 7 7 
Case #554: -1
Case #555: 16 1 1 1 2 2 2 2 2 2 2 2 2 3 3 7 7 
Case #556: 29 1 1 1 1 1 1 1 1 1 1 1 1 1 1 1 1 1 1 1 1 1 1 1 1 1 1 2 2 11 
Case #557: 21 1 1 1 1 1 1 1 1 1 2 2 2 2 2 2 3 3 3 3 3 5 
Case #558: 19 1 1 1 1 1 1 2 2 2 2 2 2 2 2 2 2 3 5 7 
Case #559: 24 1 1 1 1 1 1 1 1 1 1 1 1 1 1 1 1 1 1 2 3 3 5 5 5 
Case #560: 25 1 1 1 1 1 1 1 1 1 1 1 1 1 1 2 2 2 2 2 2 3 3 3 3 3 
Case #561: -1
Case #562: 20 1 1 1 1 1 1 1 1 1 1 1 2 2 2 3 3 3 5 5 5 
Case #563: 16 1 1 1 1 1 1 1 1 1 2 2 2 3 3 7 13 
Case #564: 19 1 1 1 1 1 1 1 2 2 2 2 2 2 2 2 3 5 5 5 
Case #565: 26 1 1 1 1 1 1 1 1 1 1 1 1 1 1 1 2 2 2 2 2 2 2 3 3 3 3 
Case #566: 12 1 1 1 2 2 2 2 2 3 5 7 13 
Case #567: 14 1 1 1 2 2 2 2 2 3 5 5 5 5 5 
Case #568: 22 1 1 1 1 1 1 1 1 1 1 1 1 2 2 2 2 2 3 3 3 5 5 
Case #569: 12 1 1 1 2 3 3 3 3 3 3 5 13 
Case #570: 16 1 1 1 1 1 1 1 1 1 1 1 2 3 5 7 13 
Case #571: -1
Case #572: 3 1 17 23 
Case #573: 14 1 1 1 1 1 2 2 2 3 3 3 3 7 11 
Case #574: 35 1 1 1 1 1 1 1 1 1 1 1 1 1 1 1 1 1 1 1 1 1 1 1 1 1 1 1 1 1 1 1 1 3 3 3 
Case #575: 23 1 1 1 1 1 1 1 1 1 1 1 1 1 1 1 1 1 2 2 3 5 5 7 
Case #576: 15 1 1 1 2 2 2 2 2 2 3 3 5 5 5 5 
Case #577: 12 1 1 1 1 1 1 1 1 1 1 2 29 
Case #578: 23 1 1 1 1 1 1 1 1 1 1 1 1 1 1 2 2 2 2 2 2 5 5 5 
Case #579: 22 1 1 1 1 1 1 1 1 1 1 1 2 2 2 2 2 2 2 3 3 3 7 
Case #580: 21 1 1 1 1 1 1 1 1 1 1 1 1 2 2 2 2 2 2 3 7 7 
Case #581: 13 1 1 1 1 1 1 1 1 1 1 1 1 29 
Case #582: 30 1 1 1 1 1 1 1 1 1 1 1 1 1 1 1 1 1 1 1 1 1 1 1 1 1 1 1 1 2 11 
Case #583: 22 1 1 1 1 1 1 1 2 2 2 2 2 2 2 2 2 2 2 3 3 3 3 
Case #584: 24 1 1 1 1 1 1 1 1 1 1 1 1 1 1 1 1 2 2 2 2 2 3 5 7 
Case #585: 22 1 1 1 1 1 1 1 1 1 1 1 1 1 1 2 3 3 3 3 3 5 5 
Case #586: 18 1 1 1 1 1 1 2 2 2 2 2 2 2 2 2 3 3 11 
Case #587: 19 1 1 1 1 1 1 1 1 1 1 1 1 2 2 2 2 3 5 13 
Case #588: -1
Case #589: 15 1 1 1 2 2 2 2 2 2 2 2 3 3 5 11 
Case #590: 22 1 1 1 1 1 1 1 1 1 1 1 1 1 1 2 2 2 3 3 3 5 7 
Case #591: 25 1 1 1 1 1 1 1 1 1 1 1 1 1 1 1 1 1 1 2 2 2 2 5 5 5 
Case #592: 18 1 1 2 2 2 2 2 2 2 2 2 2 2 2 2 3 5 5 
Case #593: 17 1 1 1 1 2 2 2 2 2 2 2 2 2 2 5 5 7 
Case #594: 17 1 1 1 1 1 1 1 1 2 2 3 3 3 3 3 7 7 
Case #595: 16 1 1 1 1 2 2 2 2 2 2 2 3 3 5 5 7 
Case #596: 28 1 1 1 1 1 1 1 1 1 1 1 1 1 1 1 1 1 1 2 2 2 2 2 2 2 3 3 3 
Case #597: 22 1 1 1 1 1 1 1 2 2 2 2 2 2 2 2 2 2 2 2 2 3 5 
Case #598: 18 1 1 1 1 1 1 2 2 2 2 2 2 2 2 2 3 7 7 
Case #599: 11 1 1 1 2 2 2 2 3 3 7 17 
Case #600: 24 1 1 1 1 1 1 1 1 1 1 1 1 1 2 2 2 2 2 3 3 3 3 3 3 
Case #601: 25 1 1 1 1 1 1 1 1 1 1 1 1 1 1 1 1 1 1 1 1 1 1 1 1 17 
Case #602: 22 1 1 1 1 2 2 2 2 2 2 2 2 2 2 2 2 2 2 2 2 2 3 
Case #603: 18 1 1 1 1 1 1 1 1 2 2 2 3 3 3 3 3 5 7 
Case #604: 19 1 1 1 1 1 1 1 1 1 1 2 2 2 2 2 2 3 5 11 
Case #605: 24 1 1 1 1 1 1 1 1 1 1 1 1 1 1 1 2 2 2 2 2 2 2 5 7 
Case #606: 36 1 1 1 1 1 1 1 1 1 1 1 1 1 1 1 1 1 1 1 1 1 1 1 1 1 1 1 1 1 1 1 1 2 2 2 3 
Case #607: -1
Case #608: -1
Case #609: 24 1 1 1 1 1 1 1 1 1 1 1 1 1 1 1 1 2 3 3 3 3 3 3 5 
Case #610: 16 1 1 1 1 2 2 2 2 2 2 2 2 2 5 7 7 
Case #611: 17 1 1 1 1 1 1 1 2 2 2 2 3 3 3 3 3 11 
Case #612: 6 2 3 5 7 11 13 
Case #613: 14 1 1 1 2 2 2 2 2 3 3 5 5 5 7 
Case #614: 21 1 1 1 1 1 1 1 1 1 1 2 2 2 2 2 2 2 2 5 5 5 
Case #615: -1
Case #616: 19 1 1 1 1 1 1 1 1 1 1 2 2 2 2 2 2 5 7 7 
Case #617: 16 1 1 1 1 1 1 1 1 2 2 2 3 5 5 7 7 
Case #618: 18 1 1 1 1 1 2 2 2 2 2 2 2 2 2 3 3 5 7 
Case #619: 23 1 1 1 1 1 1 1 1 1 2 2 2 2 2 2 2 2 2 2 2 2 3 5 
Case #620: 24 1 1 1 1 1 1 1 1 1 1 1 1 1 1 1 1 1 1 2 3 3 3 5 7 
Case #621: 16 1 1 1 1 1 1 2 2 2 2 2 3 3 3 5 11 
Case #622: 5 1 1 3 17 19 
Case #623: -1
Case #624: 22 1 1 1 1 1 1 1 1 1 1 1 1 1 1 1 2 3 3 3 5 5 5 
Case #625: 12 1 1 1 1 1 2 2 2 3 3 5 19 
Case #626: 21 1 1 1 1 1 1 1 1 1 1 2 2 2 2 2 2 2 2 2 2 11 
Case #627: 23 1 1 1 1 1 1 1 1 1 1 1 1 1 1 1 1 1 1 1 1 1 7 13 
Case #628: -1
Case #629: 18 1 1 1 1 1 1 1 1 1 2 2 2 3 3 5 5 5 5 
Case #630: -1
Case #631: 14 1 1 1 1 1 1 2 2 2 3 3 5 5 13 
Case #632: 19 1 1 1 1 2 2 2 2 2 2 2 2 2 2 2 2 3 5 5 
Case #633: 11 1 1 1 2 2 2 2 3 3 5 19 
Case #634: 18 1 1 1 1 1 2 2 2 2 2 2 2 3 3 3 3 3 7 
Case #635: 18 1 1 1 1 1 1 1 1 1 1 1 1 1 2 3 5 7 11 
Case #636: 16 1 1 1 1 1 1 1 1 1 1 2 3 5 5 5 11 
Case #637: 11 1 1 2 2 2 2 3 5 5 5 13 
Case #638: 21 1 1 1 1 1 1 1 1 1 1 1 1 1 1 2 2 3 3 3 3 11 
Case #639: 26 1 1 1 1 1 1 1 1 1 1 1 1 1 1 1 1 2 2 2 2 2 3 3 3 3 3 
Case #640: 20 1 1 1 1 1 1 2 2 2 2 2 2 2 2 2 2 2 3 3 7 
Case #641: 32 1 1 1 1 1 1 1 1 1 1 1 1 1 1 1 1 1 1 1 1 1 1 1 1 1 1 1 1 2 3 3 5 
Case #642: 12 1 1 1 2 2 2 3 3 5 5 5 11 
Case #643: 19 1 1 1 1 1 1 1 1 1 1 1 1 2 2 2 2 3 7 11 
Case #644: 25 1 1 1 1 1 1 1 1 1 1 1 1 1 1 1 2 2 2 2 2 2 2 2 5 5 
Case #645: 20 1 1 1 2 2 2 2 2 2 2 2 2 2 2 2 2 2 2 3 5 
Case #646: 18 1 1 1 1 1 1 1 1 1 2 2 2 3 3 3 3 3 11 
Case #647: 20 1 1 1 1 1 1 1 1 1 1 2 2 2 3 3 3 3 3 5 5 
Case #648: 18 1 1 1 1 1 1 2 2 2 2 2 2 2 2 2 5 5 7 
Case #649: 11 1 1 1 1 1 1 1 1 2 2 29 
Case #650: 20 1 1 1 1 1 1 1 1 1 2 2 2 3 3 3 3 3 3 3 5 
Case #651: 33 1 1 1 1 1 1 1 1 1 1 1 1 1 1 1 1 1 1 1 1 1 1 1 1 1 1 2 2 2 2 2 2 3 
Case #652: 21 1 1 1 1 1 1 1 1 1 1 1 1 1 2 2 2 2 3 5 5 7 
Case #653: 11 1 1 1 1 1 1 1 1 1 1 31 
Case #654: -1
Case #655: 23 1 1 1 1 1 1 1 1 1 1 1 1 1 1 1 1 3 3 3 3 3 5 5 
Case #656: -1
Case #657: 13 1 1 1 1 1 2 2 3 3 5 5 5 11 
Case #658: 21 1 1 1 1 1 1 1 1 1 1 1 1 1 2 2 2 2 3 3 3 11 
Case #659: -1
Case #660: 10 1 1 1 1 1 2 3 3 5 23 
Case #661: 21 1 1 1 1 1 1 1 1 1 1 1 1 1 1 1 2 2 3 5 7 7 
Case #662: -1
Case #663: 16 1 1 1 1 1 1 1 1 1 2 2 2 5 5 5 11 
Case #664: -1
Case #665: 22 1 1 1 1 1 1 1 1 1 1 2 2 2 2 2 3 3 3 3 3 3 3 
Case #666: 15 1 1 1 1 1 1 2 2 2 2 5 5 5 5 7 
Case #667: -1
Case #668: 14 1 1 1 1 2 2 2 2 2 2 2 5 5 13 
Case #669: 23 1 1 1 1 1 1 1 1 2 2 2 2 2 2 2 2 2 2 2 2 3 3 3 
Case #670: -1
Case #671: 22 1 1 1 1 1 1 1 1 1 2 2 2 2 2 2 2 3 3 3 3 3 3 
Case #672: -1
Case #673: 22 1 1 1 1 1 1 1 1 1 1 2 2 2 2 2 2 2 2 2 3 5 5 
Case #674: 15 1 1 1 1 2 2 3 3 3 3 3 3 3 5 7 
Case #675: 31 1 1 1 1 1 1 1 1 1 1 1 1 1 1 1 1 1 1 1 1 1 1 1 1 1 1 1 1 1 1 11 
Case #676: 14 1 1 1 2 3 3 3 3 3 3 3 3 5 7 
Case #677: 19 1 1 1 1 2 2 2 2 2 2 2 2 2 2 3 3 3 3 5 
Case #678: -1
Case #679: 21 1 1 1 1 1 1 1 1 1 1 1 1 2 2 2 2 3 3 5 5 5 
Case #680: 14 1 1 1 1 1 2 2 2 3 3 3 3 5 13 
Case #681: 19 1 1 1 1 1 1 1 1 1 1 1 2 2 3 3 3 3 7 7 
Case #682: 28 1 1 1 1 1 1 1 1 1 1 1 1 1 1 1 1 1 1 1 1 2 2 2 3 3 3 3 3 
Case #683: 16 1 1 1 1 1 1 1 2 2 2 2 2 3 3 5 13 
Case #684: 15 1 1 1 1 2 2 2 2 2 2 2 2 5 5 11 
Case #685: 19 1 1 1 1 1 1 1 1 1 1 1 1 1 2 2 2 2 3 17 
Case #686: -1
Case #687: 13 1 1 1 1 1 2 2 3 3 3 3 3 17 
Case #688: 21 1 1 1 1 1 1 1 1 1 1 1 2 2 2 2 2 2 2 2 7 7 
Case #689: -1
Case #690: 16 1 1 1 1 1 1 2 2 2 3 3 3 3 3 7 7 
Case #691: 35 1 1 1 1 1 1 1 1 1 1 1 1 1 1 1 1 1 1 1 1 1 1 1 1 1 1 1 1 1 2 2 2 2 2 2 
Case #692: 15 1 1 1 1 2 2 2 2 3 3 3 3 5 5 7 
Case #693: 20 1 1 1 1 1 2 2 2 2 2 2 2 2 2 2 2 3 3 3 5 
Case #694: 30 1 1 1 1 1 1 1 1 1 1 1 1 1 1 1 1 1 1 1 1 1 1 2 2 2 2 2 2 2 5 
Case #695: 23 1 1 1 1 1 1 1 1 1 1 1 1 1 1 1 1 1 1 3 3 3 7 7 
Case #696: 21 1 1 1 1 1 1 1 1 1 1 1 1 2 2 3 3 3 3 3 5 5 
Case #697: -1
Case #698: 20 1 1 1 1 1 1 1 2 2 2 2 2 2 2 2 2 3 3 5 5 
Case #699: 14 1 1 1 1 1 1 2 3 3 5 5 5 5 7 
Case #700: 29 1 1 1 1 1 1 1 1 1 1 1 1 1 1 1 1 1 1 1 2 2 2 2 2 2 2 2 3 3 
Case #701: 19 1 1 1 1 1 1 1 1 1 1 2 2 2 2 3 3 5 5 7 
Case #702: 23 1 1 1 1 1 1 1 1 1 1 1 1 1 1 1 2 2 2 2 3 3 5 7 
Case #703: 16 1 1 1 1 1 1 1 2 2 2 3 3 3 3 5 11 
Case #704: 7 1 1 1 1 1 17 19 
Case #705: -1
Case #706: 21 1 1 2 2 2 2 2 2 2 2 2 2 2 2 2 2 2 2 2 2 3 
Case #707: 14 1 1 1 1 1 1 1 2 3 3 3 5 5 13 
Case #708: 22 1 1 1 1 1 1 1 1 2 2 2 2 2 2 2 2 2 3 3 3 3 3 
Case #709: 15 1 1 1 1 1 1 2 2 3 3 3 5 5 5 7 
Case #710: -1
Case #711: 19 1 1 1 1 1 1 1 2 2 2 2 2 2 2 2 2 2 3 11 
Case #712: 19 1 1 1 1 1 1 1 1 1 1 1 1 1 2 2 3 3 5 13 
Case #713: -1
Case #714: 15 1 1 1 2 2 2 2 3 3 3 3 3 3 5 7 
Case #715: -1
Case #716: 18 1 1 1 1 1 1 2 2 2 2 2 3 3 3 3 3 3 7 
Case #717: 27 1 1 1 1 1 1 1 1 1 1 1 1 1 1 1 1 1 1 1 1 2 2 2 2 3 3 7 
Case #718: 24 1 1 1 1 1 1 1 1 1 1 1 1 1 1 1 1 1 1 1 1 1 1 2 17 
Case #719: 18 1 1 1 1 1 1 1 2 2 2 2 2 3 3 3 3 5 7 
Case #720: 17 1 1 1 1 1 2 2 3 3 3 3 3 3 3 3 3 5 
Case #721: 18 1 1 1 1 1 1 1 1 1 2 2 2 2 2 5 5 5 7 
Case #722: 18 1 1 1 1 1 1 1 1 1 2 2 2 3 3 3 5 5 7 
Case #723: 18 1 1 1 1 1 1 1 1 1 2 2 2 2 2 2 2 5 13 
Case #724: 14 1 1 2 2 2 2 2 2 2 2 2 3 5 13 
Case #725: 19 1 1 1 1 1 1 1 1 1 1 1 1 1 1 1 1 1 1 23 
Case #726: 12 1 1 1 2 3 3 3 3 3 5 5 11 
Case #727: 19 1 1 1 1 1 1 1 1 1 1 1 2 2 2 2 2 2 5 13 
Case #728: 13 1 1 1 1 1 2 2 2 2 3 3 5 17 
Case #729: 15 1 1 1 1 2 2 2 2 3 3 3 5 5 5 5 
Case #730: 16 1 1 1 1 1 1 1 1 2 2 2 3 3 7 7 7 
Case #731: -1
Case #732: 22 1 1 1 1 1 1 1 1 1 1 1 1 1 1 1 1 2 2 2 5 7 7 
Case #733: 15 1 1 1 1 1 2 2 2 2 2 2 3 5 5 11 
Case #734: 33 1 1 1 1 1 1 1 1 1 1 1 1 1 1 1 1 1 1 1 1 1 1 1 1 1 1 1 1 1 1 1 3 7 
Case #735: 18 1 1 1 1 1 1 1 1 1 1 1 1 2 3 3 3 7 11 
Case #736: -1
Case #737: 18 1 1 1 1 1 1 1 1 1 1 1 1 2 2 2 5 5 13 
Case #738: 19 1 1 1 1 1 1 1 1 1 1 1 2 2 2 2 3 3 5 11 
Case #739: 23 1 1 1 1 1 1 1 1 1 1 1 1 1 1 1 1 1 3 3 3 5 5 5 
Case #740: 12 1 1 2 2 2 2 2 2 2 3 11 11 
Case #741: 22 1 1 1 1 1 1 2 2 2 2 2 2 2 2 2 2 2 2 2 3 3 3 
Case #742: 23 1 1 1 1 1 1 1 1 1 1 1 1 1 2 2 2 2 2 2 2 2 5 7 
Case #743: 33 1 1 1 1 1 1 1 1 1 1 1 1 1 1 1 1 1 1 1 1 1 1 1 1 1 1 1 1 1 1 1 5 5 
Case #744: 27 1 1 1 1 1 1 1 1 1 1 1 1 1 1 1 1 1 1 2 2 2 2 3 3 3 3 3 
Case #745: 20 1 1 1 1 1 1 1 1 1 1 1 2 2 2 2 2 2 2 5 11 
Case #746: 21 1 1 1 1 1 1 1 1 2 2 2 2 2 2 3 3 3 3 3 3 3 
Case #747: 21 1 1 1 1 1 1 1 1 1 1 1 2 2 2 2 3 3 3 3 3 7 
Case #748: 14 1 1 1 2 2 2 2 2 2 2 3 3 5 13 
Case #749: 32 1 1 1 1 1 1 1 1 1 1 1 1 1 1 1 1 1 1 1 1 1 1 1 1 1 1 1 2 2 2 3 5 
Case #750: 20 1 1 1 1 1 1 1 1 1 1 2 2 2 2 2 3 3 3 5 7 
Case #751: 14 1 1 1 1 1 1 2 2 2 3 3 5 7 11 
Case #752: 29 1 1 1 1 1 1 1 1 1 1 1 1 1 1 1 1 1 1 1 1 1 1 1 1 1 1 1 1 13 
Case #753: -1
Case #754: 16 1 1 1 2 2 2 2 2 2 2 3 3 3 3 5 7 
Case #755: 25 1 1 1 1 1 1 1 1 1 1 1 1 1 1 1 1 1 1 1 1 2 2 3 3 11 
Case #756: 21 1 1 1 1 1 2 2 2 2 2 2 2 2 2 2 2 2 3 3 3 3 
Case #757: 23 1 1 1 1 1 1 2 2 2 2 2 2 2 2 2 2 2 2 2 2 2 2 3 
Case #758: -1
Case #759: -1
Case #760: 32 1 1 1 1 1 1 1 1 1 1 1 1 1 1 1 1 1 1 1 1 1 1 1 1 1 1 1 1 2 2 2 7 
Case #761: 22 1 1 1 1 1 1 1 1 1 1 1 2 2 2 3 3 3 3 3 3 3 3 
Case #762: -1
Case #763: -1
Case #764: 29 1 1 1 1 1 1 1 1 1 1 1 1 1 1 1 1 1 1 1 1 1 1 1 1 1 1 1 3 11 
Case #765: -1
Case #766: 29 1 1 1 1 1 1 1 1 1 1 1 1 1 1 1 1 1 1 1 1 1 1 1 1 3 3 3 3 5 
Case #767: -1
Case #768: 10 1 1 1 2 3 3 5 7 7 11 
Case #769: 23 1 1 1 1 1 1 1 1 1 1 1 1 1 1 1 1 2 2 2 2 3 7 7 
Case #770: 32 1 1 1 1 1 1 1 1 1 1 1 1 1 1 1 1 1 1 1 1 1 1 1 1 1 1 2 2 2 2 2 5 
Case #771: 14 1 1 1 1 2 2 2 2 2 2 2 5 7 11 
Case #772: 21 1 1 1 1 1 2 2 2 2 2 2 2 2 2 2 2 2 2 2 3 5 
Case #773: 12 1 1 1 2 2 2 3 3 5 7 7 7 
Case #774: 22 1 1 1 1 1 1 1 1 1 1 1 1 2 2 2 2 2 2 2 3 5 7 
Case #775: 17 1 1 1 1 1 1 1 1 1 2 2 2 2 2 2 7 13 
Case #776: 21 1 1 1 1 1 1 1 1 2 2 2 2 2 2 2 2 2 2 3 3 7 
Case #777: 20 1 1 1 1 1 1 1 1 1 1 1 2 2 2 2 2 5 5 5 5 
Case #778: 25 1 1 1 1 1 1 1 1 1 1 1 1 1 1 1 1 1 1 1 1 1 3 3 7 7 
Case #779: 25 1 1 1 1 1 1 1 1 1 1 2 2 2 2 2 2 2 2 2 2 2 2 2 2 3 
Case #780: 6 1 1 1 2 17 19 
Case #781: -1
Case #782: 21 1 1 1 1 1 1 1 2 2 2 2 2 2 2 2 3 3 3 3 3 3 
Case #783: 23 1 1 1 1 1 1 1 1 1 1 1 1 1 1 1 2 2 3 3 3 3 5 5 
Case #784: 24 1 1 1 1 1 1 1 1 1 2 2 2 2 2 2 2 2 2 2 2 2 2 3 3 
Case #785: 10 1 1 1 1 2 2 2 3 11 17 
Case #786: 21 1 1 1 1 1 1 1 1 1 1 1 1 1 2 2 2 2 5 5 5 5 
Case #787: 25 1 1 1 1 1 1 1 1 1 1 1 1 2 2 2 2 2 2 2 2 2 2 2 2 5 
Case #788: 28 1 1 1 1 1 1 1 1 1 1 1 1 1 1 1 1 1 1 1 1 2 2 2 2 2 3 3 5 
Case #789: -1
Case #790: -1
Case #791: 13 1 1 2 2 2 2 2 2 3 5 5 7 7 
Case #792: 8 1 1 2 2 2 3 13 17 
Case #793: 13 1 1 1 2 2 2 2 3 3 3 5 5 11 
Case #794: 16 1 1 1 2 2 2 3 3 3 3 3 3 3 3 3 5 
Case #795: -1
Case #796: 18 1 1 1 1 1 2 2 2 3 3 3 3 3 3 3 3 3 3 
Case #797: 20 1 1 1 1 1 1 1 1 1 2 2 2 2 2 3 3 3 3 3 7 
Case #798: -1
Case #799: 17 1 1 1 1 1 2 2 2 2 3 3 3 3 3 3 3 7 
Case #800: 21 1 1 1 1 1 1 1 1 1 1 1 1 1 1 1 3 3 3 5 5 7 
Case #801: 22 1 1 1 1 1 1 1 1 1 1 1 2 2 2 2 2 2 2 2 2 5 7 
Case #802: -1
Case #803: 19 1 1 1 1 1 1 2 2 2 2 2 2 2 2 3 3 3 3 7 
Case #804: 15 1 1 1 1 1 1 1 1 2 2 2 2 3 11 11 
Case #805: 16 1 1 1 1 1 1 1 2 3 3 3 3 5 5 5 5 
Case #806: 19 1 1 1 1 1 1 1 2 2 2 2 2 2 3 3 3 3 3 7 
Case #807: -1
Case #808: 4 1 1 2 37 
Case #809: -1
Case #810: 37 1 1 1 1 1 1 1 1 1 1 1 1 1 1 1 1 1 1 1 1 1 1 1 1 1 1 1 1 1 1 1 1 1 1 1 3 3 
Case #811: 26 1 1 1 1 1 1 1 1 1 1 1 1 1 1 1 1 1 1 1 1 2 3 3 3 3 7 
Case #812: 18 1 1 1 1 1 1 1 2 2 2 2 2 2 2 3 3 7 7 
Case #813: 13 1 1 1 1 1 2 2 2 2 3 3 3 19 
Case #814: -1
Case #815: 22 1 1 1 1 1 1 1 1 1 1 1 1 1 1 1 1 1 1 1 1 2 19 
Case #816: 31 1 1 1 1 1 1 1 1 1 1 1 1 1 1 1 1 1 1 1 1 1 1 1 1 1 1 1 1 3 5 5 
Case #817: 28 1 1 1 1 1 1 1 1 1 1 1 1 1 1 1 1 1 1 1 2 2 2 2 2 3 3 3 3 
Case #818: 14 1 1 1 1 1 1 2 2 2 5 5 5 7 7 
Case #819: 27 1 1 1 1 1 1 1 1 1 1 1 1 1 1 1 1 1 1 1 2 2 2 2 2 2 5 5 
Case #820: 15 1 1 1 1 1 1 2 2 2 2 3 5 5 7 7 
Case #821: 20 1 1 1 1 1 1 1 1 2 2 2 2 2 2 2 3 3 3 3 7 
Case #822: 22 1 1 1 1 1 1 1 1 1 1 1 1 1 2 3 3 3 3 3 3 3 5 
Case #823: 23 1 1 1 1 1 1 1 1 1 1 1 1 1 1 1 1 1 1 2 2 3 3 13 
Case #824: 18 1 1 1 1 1 1 1 1 1 2 2 2 2 2 3 3 5 11 
Case #825: 30 1 1 1 1 1 1 1 1 1 1 1 1 1 1 1 1 1 1 1 1 1 1 2 2 2 2 2 3 3 3 
Case #826: -1
Case #827: 17 1 1 1 1 1 2 2 2 2 2 2 2 2 3 5 5 7 
Case #828: 9 1 1 1 1 1 1 1 3 31 
Case #829: -1
Case #830: 13 1 1 1 2 2 2 2 2 2 3 3 7 13 
Case #831: -1
Case #832: 20 1 1 1 1 1 1 1 1 1 1 1 1 1 1 2 2 2 5 5 11 
Case #833: 39 1 1 1 1 1 1 1 1 1 1 1 1 1 1 1 1 1 1 1 1 1 1 1 1 1 1 1 1 1 1 1 1 1 1 1 1 1 2 2 
Case #834: -1
Case #835: 16 1 1 1 1 1 2 2 2 3 3 3 3 3 5 5 5 
Case #836: 25 1 1 1 1 1 1 1 1 1 1 1 1 1 1 1 1 2 2 2 2 2 2 3 5 5 
Case #837: 33 1 1 1 1 1 1 1 1 1 1 1 1 1 1 1 1 1 1 1 1 1 1 1 1 1 1 1 1 1 1 3 3 5 
Case #838: 22 1 1 1 1 1 1 1 1 1 1 1 2 2 2 2 2 2 2 3 3 5 5 
Case #839: 23 1 1 1 1 1 1 1 1 1 2 2 2 2 2 2 2 2 2 2 3 3 3 3 
Case #840: 22 1 1 1 1 1 1 1 1 2 2 2 2 2 2 2 2 2 2 2 3 3 5 
Case #841: 14 1 1 1 1 1 1 2 3 3 3 3 3 5 13 
Case #842: 17 1 1 1 1 2 2 2 2 2 2 3 3 3 3 3 5 5 
Case #843: -1
Case #844: 14 1 1 1 2 2 2 3 3 3 3 3 5 5 7 
Case #845: 16 1 1 1 1 1 1 1 2 2 2 3 3 5 5 5 7 
Case #846: 23 1 1 1 1 1 1 1 1 1 1 1 1 1 1 1 1 1 2 2 3 3 7 7 
Case #847: 15 1 1 2 2 2 2 2 2 2 2 2 2 3 5 11 
Case #848: 21 1 1 1 1 1 1 1 1 1 1 1 1 1 1 2 2 2 2 3 5 11 
Case #849: 20 1 1 1 1 1 1 1 1 1 1 1 1 2 2 2 3 3 3 3 11 
Case #850: 11 1 1 1 1 1 1 1 1 1 3 29 
Case #851: 13 1 1 1 1 2 2 3 3 3 3 3 5 13 
Case #852: 26 1 1 1 1 1 1 1 1 1 1 1 2 2 2 2 2 2 2 2 2 2 2 2 2 2 2 
Case #853: -1
Case #854: 15 1 1 1 1 1 2 2 3 3 3 3 3 3 3 11 
Case #855: 19 1 1 1 1 1 1 1 1 2 2 3 3 3 3 3 3 3 3 5 
Case #856: 25 1 1 1 1 1 1 1 1 1 1 1 1 1 1 1 1 2 2 2 2 3 3 3 3 5 
Case #857: 18 1 1 1 1 1 1 1 1 1 2 2 2 3 3 3 3 7 7 
Case #858: 21 1 1 1 1 1 1 1 1 1 1 1 1 1 2 2 2 2 3 3 7 7 
Case #859: 16 1 1 1 1 2 2 2 2 2 2 2 2 2 3 5 11 
Case #860: 18 1 1 1 1 1 1 1 1 1 1 1 1 2 3 3 3 5 13 
Case #861: 12 1 1 1 2 2 2 3 3 3 5 5 13 
Case #862: 20 1 1 1 1 1 1 1 2 2 2 2 2 2 2 2 2 3 3 3 7 
Case #863: 25 1 1 1 1 1 1 1 1 1 1 1 2 2 2 2 2 2 2 2 2 2 2 2 3 3 
Case #864: 19 1 1 1 1 1 1 1 1 1 1 1 1 1 1 1 1 1 7 17 
Case #865: 19 1 1 1 1 1 1 1 1 1 1 1 1 2 2 3 3 3 5 11 
Case #866: 26 1 1 1 1 1 1 1 1 1 1 1 1 1 1 1 1 1 1 1 1 1 1 2 2 2 13 
Case #867: 10 1 1 2 2 2 3 5 7 7 11 
Case #868: -1
Case #869: 21 1 1 1 1 1 1 1 1 1 2 2 2 2 2 2 2 2 3 3 3 7 
Case #870: 13 1 1 1 2 2 2 2 3 3 5 5 7 7 
Case #871: 16 1 1 1 1 1 1 2 2 2 3 3 3 3 3 3 11 
Case #872: -1
Case #873: 15 1 1 1 1 1 2 2 2 2 2 2 3 3 5 13 
Case #874: 21 1 1 1 1 1 1 1 2 2 2 2 2 2 2 2 2 2 2 2 3 7 
Case #875: 28 1 1 1 1 1 1 1 1 1 1 1 1 1 1 1 1 1 1 1 2 2 2 2 2 2 2 3 5 
Case #876: 16 1 1 1 1 1 2 2 2 2 2 3 3 3 3 3 11 
Case #877: 18 1 1 1 1 1 1 1 1 1 1 1 2 2 2 3 5 5 11 
Case #878: -1
Case #879: 18 1 1 1 1 2 2 2 2 2 2 2 2 2 3 3 3 5 5 
Case #880: 26 1 1 1 1 1 1 1 1 1 1 1 1 1 1 1 1 1 1 1 1 1 2 3 3 5 7 
Case #881: 10 1 1 1 2 3 3 5 5 7 13 
Case #882: 20 1 1 1 1 1 1 1 1 1 1 1 2 2 2 2 2 3 5 5 7 
Case #883: 19 1 1 1 1 1 1 2 2 2 2 2 2 3 3 3 3 3 3 5 
Case #884: -1
Case #885: 20 1 1 1 1 1 2 2 2 2 2 2 2 2 2 3 3 3 3 3 3 
Case #886: -1
Case #887: 20 1 1 1 1 1 1 1 1 1 1 1 1 1 1 2 3 3 5 7 7 
Case #888: 11 1 1 1 1 2 2 3 3 3 5 19 
Case #889: 17 1 1 1 1 1 1 1 2 2 2 2 2 2 3 3 5 11 
Case #890: 16 1 1 1 1 1 1 1 1 2 2 2 3 3 5 5 11 
Case #891: 26 1 1 1 1 1 1 1 1 1 1 1 1 1 1 1 1 1 2 2 2 2 2 3 3 3 5 
Case #892: -1
Case #893: 23 1 1 1 1 1 1 1 1 2 2 2 2 2 2 2 2 2 2 2 2 2 2 5 
Case #894: 27 1 1 1 1 1 1 1 1 1 1 1 1 1 1 1 2 2 2 2 2 2 2 2 2 2 3 3 
Case #895: -1
Case #896: 17 1 1 1 1 1 1 1 1 1 2 2 3 3 3 5 7 7 
Case #897: 15 1 1 1 1 2 2 2 2 2 2 2 2 3 5 13 
Case #898: 18 1 1 1 1 1 1 1 2 2 2 2 2 3 3 3 5 5 5 
Case #899: 12 1 1 1 2 3 3 3 5 5 5 5 7 
Case #900: 26 1 1 1 1 1 1 1 1 1 1 1 1 1 2 2 2 2 2 2 2 2 2 2 2 3 3 
Case #901: 15 1 1 1 1 1 1 1 2 2 3 3 3 5 5 11 
Case #902: 15 1 1 1 1 1 1 1 1 1 2 2 2 2 5 19 
Case #903: 20 1 1 1 1 1 1 1 1 1 1 2 2 2 3 3 3 3 3 3 7 
Case #904: 19 1 1 1 1 1 1 2 2 2 2 2 2 2 2 2 2 5 5 5 
Case #905: 14 1 1 1 2 2 2 3 3 3 3 5 5 5 5 
Case #906: 16 1 1 1 1 1 1 1 2 2 2 2 2 3 3 7 11 
Case #907: 10 1 1 1 2 2 2 3 7 11 11 
Case #908: 25 1 1 1 1 1 1 1 1 1 1 1 1 1 1 1 2 2 2 2 2 2 3 3 3 5 
Case #909: 29 1 1 1 1 1 1 1 1 1 1 1 1 1 1 1 1 1 1 1 1 1 1 1 1 1 1 3 5 7 
Case #910: -1
Case #911: 27 1 1 1 1 1 1 1 1 1 1 1 1 1 1 1 1 1 2 2 2 2 2 2 3 3 3 3 
Case #912: 16 1 1 1 1 2 2 2 2 2 2 2 3 5 5 5 5 
Case #913: -1
Case #914: 20 1 1 1 1 1 1 1 1 1 2 2 2 2 2 2 2 3 3 5 7 
Case #915: 19 1 1 1 1 1 1 1 1 1 3 3 3 3 3 3 3 3 3 5 
Case #916: 29 1 1 1 1 1 1 1 1 1 1 1 1 1 1 1 1 1 1 1 1 1 1 1 1 1 1 5 5 5 
Case #917: 22 1 1 1 1 1 1 1 1 1 1 2 2 2 2 2 2 2 2 2 3 3 7 
Case #918: 17 1 1 1 1 1 1 1 1 1 1 2 2 3 5 5 7 7 
Case #919: 19 1 1 1 1 1 1 1 1 1 1 1 1 2 2 3 5 5 5 7 
Case #920: -1
Case #921: 18 1 1 1 1 1 1 1 1 2 2 2 3 3 3 3 5 5 5 
Case #922: 13 1 1 1 1 1 2 2 3 3 3 3 7 13 
Case #923: 17 1 1 1 2 2 2 2 2 2 2 2 3 3 3 3 5 5 
Case #924: -1
Case #925: 24 1 1 1 1 1 1 1 1 2 2 2 2 2 2 2 2 2 2 2 2 2 2 2 3 
Case #926: 19 1 1 1 1 1 1 1 1 2 2 2 2 3 3 3 3 3 5 5 
Case #927: 22 1 1 1 1 1 1 1 1 1 1 1 1 1 1 1 2 2 2 3 3 3 11 
Case #928: 12 1 1 1 1 1 2 3 3 5 5 5 13 
Case #929: -1
Case #930: -1
Case #931: 33 1 1 1 1 1 1 1 1 1 1 1 1 1 1 1 1 1 1 1 1 1 1 1 1 1 1 1 1 1 3 3 3 3 
Case #932: 19 1 1 1 1 1 1 2 2 2 2 2 2 2 2 3 3 3 5 5 
Case #933: 13 1 1 1 1 1 1 1 1 1 1 5 7 19 
Case #934: 17 1 1 1 1 1 1 1 1 1 2 2 3 3 3 3 5 11 
Case #935: 18 1 1 1 1 1 2 2 2 2 2 2 2 2 2 2 2 3 11 
Case #936: 14 1 1 2 2 2 2 2 2 2 2 2 3 7 11 
Case #937: -1
Case #938: 23 1 1 1 1 1 1 1 1 1 1 2 2 2 2 2 2 2 2 2 2 2 2 7 
Case #939: 15 1 1 1 1 2 2 2 2 2 2 3 3 3 5 11 
Case #940: -1
Case #941: 20 1 1 1 1 1 1 1 1 1 1 1 2 2 2 2 2 3 3 7 7 
Case #942: -1
Case #943: -1
Case #944: 29 1 1 1 1 1 1 1 1 1 1 1 1 1 1 1 1 1 1 1 1 1 1 1 1 2 2 3 5 5 
Case #945: 21 1 1 1 1 2 2 2 2 2 2 2 2 2 2 2 2 2 2 3 3 3 
Case #946: 35 1 1 1 1 1 1 1 1 1 1 1 1 1 1 1 1 1 1 1 1 1 1 1 1 1 1 1 1 1 1 1 1 1 3 5 
Case #947: 28 1 1 1 1 1 1 1 1 1 1 1 1 1 1 1 1 1 1 1 1 1 1 1 1 1 1 2 13 
Case #948: 14 1 1 1 2 2 2 2 2 2 2 3 5 5 11 
Case #949: -1
Case #950: 18 1 1 1 1 1 1 1 1 1 1 1 2 2 2 2 2 3 17 
Case #951: 17 1 1 1 1 1 1 1 1 1 1 1 2 2 3 5 5 13 
Case #952: 31 1 1 1 1 1 1 1 1 1 1 1 1 1 1 1 1 1 1 1 1 1 1 1 1 1 1 2 2 2 2 7 
Case #953: 27 1 1 1 1 1 1 1 1 1 1 1 1 1 1 1 1 1 1 2 2 2 2 2 2 3 3 5 
Case #954: -1
Case #955: 24 1 1 1 1 1 1 1 1 1 1 2 2 2 2 2 2 2 2 2 2 2 2 2 5 
Case #956: 36 1 1 1 1 1 1 1 1 1 1 1 1 1 1 1 1 1 1 1 1 1 1 1 1 1 1 1 1 1 1 1 1 1 2 3 3 
Case #957: -1
Case #958: -1
Case #959: -1
Case #960: 23 1 1 1 1 1 1 1 1 1 1 1 1 1 2 2 2 2 2 2 3 3 3 7 
Case #961: 32 1 1 1 1 1 1 1 1 1 1 1 1 1 1 1 1 1 1 1 1 1 1 1 1 1 1 1 1 1 2 5 5 
Case #962: -1
Case #963: 19 1 1 1 1 1 1 1 1 1 1 1 2 2 2 2 3 3 3 13 
Case #964: 21 1 1 1 1 2 2 2 2 2 2 2 2 2 2 2 2 2 2 2 2 5 
Case #965: 16 1 1 1 1 1 1 1 1 1 2 2 2 2 2 5 17 
