965
216000
2400
100696425
3645
1100
8
480000
83160
112896
336000
129
35100
45360
9100
29952
56700
281
62208
546
84240
120000
621008
16224
432255
1260
5721
94080
49392
11664
36960
5400
44800
121
1215
2430
8347
69888
524880
900360029
68
9000
20160
19008
28080
552960
105840
3509575
115248
31104
18816
1
4896
4608
88704
22464
111
72000
10
21000
2156
122877509
288
53760
912
32670
63360
79
182250
6930
41472
25600
23100
589833267
14256
194241
9450
7455307
85881
13500
103
5280
13122
67893369
540
272160
132300
34944
1001
67500
69120
4914
132000
202500
524288
74088
2520
8748
141120
14560
32076
8448
375000
10080
56160
3528
688978813
4733
20
4000
9800
47958485
2431
70
11340
128
517759
257
198450
28512
22500
66150
20736
633
207360
60480
86
11016
2688
949106497
4032
79548
71805
7500
294912
3264
25920
8424
89100
2560
346742385
697106497
994617
164640
1701
136080
8316
7296
900
14
248832
281250
4173641
2403381
6300
76800
77
1048576
3240
31500
583200
7785
5520
57024
302400
6804
21504
43740
98
47040
15288
209952
172032
62
12768
65610
57
1530
224
155520
168000
34020
19656
150528
85
89
13056
76032
1848
38497
10240
5000
11232
3
32400
216
54
7680
18240
3024
268800
546750
33108
368640
36
40
7200
32640
1824
35
124
24480
311040
53940
6720
50544
1512
194400
36283838
75600
8772
504
5297
2025
54880
1836
29120
1056
7025
162000
10710
15750
448
189
43
55
19440
3000
926315427
52
1000000
3780
163840
16320
24576
126
92400
3600
810
672
16380
122
63
34111
1000000000
72900
792
33750
67200
129600
4560
4050
301056
41580
460800
145800
92
174960
66
35280
60000
215040
59400
12960
4680
700
66528
57600
12870
5625
361
5200
5760
24750
31200
52920
1728
19200
42105
51030
15400
53
2268
9240
100800
117
12800
29160
999999999
746803744
1584
938017885
17640
14400
5376
655360
23040
2
88
466560
51840
17424
102
99
27456
922505446
288000
58320
170100
50000
362
699840
8064
78
118263990
72
4200
4374
474
26880
954158175
113
1680
96
153600
4788
109
169344
559
21168
16000
473
813
2618049
1615
3312
16464
22680
71280
8550
147456
20592
63504
6541551
5346
5600
3072
9504
3168
576
59136
673921
324000
105000
12000
420
84
64922375
226151256
14688
12672
180
18480
9900
23232
43200
3960
46080
24000
1817
115
127008
987
10752
42
660
5
25490988
38880
103680
138240
5250
55296
39600
39936
8976
4536
123
1904
8624
981028563
1500
6
48000
349920
80640
696
16
13230
64800
110250
4943
151200
14040
259200
42000
192000
7390
7392
108
314928
38016
50400
48
22950
486000
21952
44550
85050
10800
15120
22848
102060
73
5120
768
54000
14336
82268566
95
84000
7
180000
4655
4675
79200
7938
23760
28
2707
5601
46
3584
81648
364500
262440
49
65536
33696
916855204
76
204120
51
322081025
83
567
32
16128
241920
142884
30973
322560
8087519
2160
193536
65
30720
184320
3864
279936
4539685
200000
4312
13860
69
291600
61740
34560
116640
157464
641
86400
230400
35503
118
42336
1620
5657
80
782
92317161
181440
196830
112000
12348
430080
9600
4620
101
34300
44928
2016
150000
57344
135000
104976
34848
21840
4704
144000
114688
211680
12288
54600
1800
142560
135
91857
395
58054077
110
1386
256000
25002
1671
193
17280
97
60
13824
47
170
9180
30
622080
70560
2736
37
33600
59
16200
32805
432000
57624
961175759
225792
44
77760
107520
2250
15552
999999998
27000
6552
96000
10368
43680
300000
21600
94770
2730
501
391
49896
27
2100
360000
58
8000
24192
9408
29
22
165888
3360
12150
50688
3120
989447237
126720
7560
2000
614400
179200
47628
201600
3456
122880
75264
17136
23328
17
393216
68040
10560
4480
24
3371
457481
7290
125440
42768
30030
252000
32000
536870912
15680
29400
161280
61440
1890
47520
969
82
6750
6840
11264
91
998506315
45000
1741
23400
307200
13680
217728
2310
8250
78000
3564
7776
129024
90
99000
3696
6400
491520
21384
48600
89600
116
87480
192
8400
31
48238
6075
725573
49500
4752
957262828
2070
2940
986129769
11000
1249
69984
70000
9827
41600
110592
5073
93312
8372259
38400
306180
11
459270
414720
5767201
18000
42120
15876
1944
18720
70400
816
2906162
16524
12544
587234
95256
64
226800
276480
640
1323
24300
519
115200
78750
2304
25200
5040
35640
323
7389
786432
17550
124416
94500
27184698
33792
2340
127
408240
2097152
163296
1008
34
90720
393660
28000
37800
8320
99840
23
133650
4160
12240
270000
24696
6399199
1960
52800
21
4158
510205
2600
7920
3375
46464
221184
8960
25
3888
7040
139968
27216
74880
120
30240
27720
13
67
362880
396
331776
196608
3157819
11085765
56
52488
998244353
9489
33
106
405
999999937
48510
2352
160
49280
245760
123480
13440
5824
64512
20000
441
49152
646
21383
186624
8100
73728
4488
10000
20480
1440
5044
61966
235200
5304
118800
787320
482421315
472392
54432
9425
244944
4725
17920
214573
145152
5808
101250
108864
8826131
74
409342369
9
1134
56448
8208
282791
38
75
2592
49000
1600
58800
72576
21870
468
15840
864
8660
134400
93
131980
52416
23115571
2200
4
94
243000
4800
45
28800
82944
92160
31590
388800
7897861
340200
63000
1764
168960
2640
7128
87
63180
32768
85712697
96228
131220
6480
31752
7056
84480
3510
70200
96768
36864
119
5940
104
64680
904152917
48384
176400
64152
8015864
37440
86016
1920
85536
6600
80949857
345600
630
40950
16800
233280
131
373248
476014
4410
10260
31680
19800
4320
84579
81920
9216
33401221
26460
49920
108000
236250
18432
29700
1520
40824
128000
405000
22176
20328
8640
105
934
5184
240000
6037
40320
98415
125
32256
14700
10500
653477439
81000
29484
518400
983900459
98304
97200
2376
29250
805306368
625433749
81
172800
665
17820
67584
118272
47473
28672
95040
6765
14112
42755209
964532929
300
442368
15
26
105600
967669583
1632
3900
112
2880
9409159
40960
18
1001604
70235461
107
12096
50
71
5616
327680
2720
